Baltimore Ravens, BAL
CB,Finn Caldwell,32,2014,88,78,90,86,93,93,3.3,3
CB,Noah Finley,28,2018,88,84,79,85,93,78,3.4,2
CB,Trey Winston,26,2022,82,70,83,73,83,73,2.7,4
CB,Hunter Reeves,30,2018,80,87,74,83,85,68,2.8,2
CB,Kai Shepherd,31,2015,89,72,84,90,73,82,3.3,2
CB,Isaiah Sterling,31,2015,73,63,90,79,69,76,2.2,2
CB,Riley Townsend,34,2014,64,60,68,59,64,60,1.2,3
S,Hunter Nash,23,2023,89,87,79,92,86,83,3.3,2
S,Zane Tanner,21,2026,79,61,79,73,78,77,2.7,2
S,Nate Langley,31,2015,86,67,69,76,87,84,3.1,1
S,Nico Abbott,31,2016,88,78,86,94,80,94,3.7,1
S,Bryce Warren,37,2011,62,52,74,65,56,67,1.2,4
S,Roman Bradley,29,2017,88,94,91,88,80,84,3.7,4
DL,Tyler Reeves,28,2019,87,78,89,86,85,90,3.4,4
DL,Holden Marlow,30,2018,84,85,73,78,71,90,3.1,1
DL,Riley Harlan,25,2022,84,65,76,80,74,83,2.7,4
DL,Zach Langley,21,2027,79,69,67,78,67,68,2.4,4
DL,Wyatt Young,32,2015,68,75,71,69,82,80,1.8,2
DL,Gavin Sterling,24,2023,81,80,74,84,74,83,2.7,1
DL,Jace Zeller,25,2022,80,65,73,85,65,77,2.8,1
DL,Tyler Sloan,32,2016,73,68,70,84,67,79,2.4,1
DL,Julian Hollis,37,2011,80,64,79,91,72,83,2.6,4
DL,Wyatt Winslow,35,2011,70,67,85,80,75,79,1.7,4
LB,Micah Caldwell,25,2023,88,91,86,96,94,89,3.5,1
LB,Eli Townsend,24,2022,75,65,67,87,68,80,2.5,2
LB,Rhett Sterling,24,2022,63,60,75,65,60,57,1.2,1
LB,Trey Madden,31,2015,72,72,64,79,66,70,2.5,4
LB,Bryce Thorne,33,2015,81,71,63,80,67,65,3.0,4
LB,Marcus Harlan,29,2018,69,57,71,76,67,69,2.0,4
LB,Carter Sinclair,36,2011,82,85,92,83,78,76,2.7,1
OL,Malcolm Wells,29,2017,87,77,90,91,92,96,3.4,4
OL,Blake Whitaker,23,2023,92,94,78,72,78,76,4.0,3
OL,Damon Bishop,29,2018,84,76,65,66,76,86,3.1,2
OL,Eli Sawyer,32,2016,64,64,80,63,68,67,1.4,3
OL,Micah Hayes,24,2022,73,70,77,84,69,78,2.2,3
OL,Holden Callahan,31,2016,83,82,83,70,80,87,2.8,4
OL,Sam York,24,2022,72,62,66,78,61,67,2.2,1
OL,Reed Prescott,24,2022,69,65,73,65,80,83,1.8,4
OL,Emmett Monroe,23,2024,79,60,79,70,70,86,2.4,1
OL,Travis Hendrix,23,2023,76,59,73,76,58,57,2.2,4
OL,Theo West,36,2012,62,63,72,71,56,68,1.3,3
OL,Parker Sutton,22,2024,89,81,75,93,82,77,3.7,2
K,Bryce Kendrick,22,2026,69,69,76,76,70,76,1.6,3
QB,Warren Monroe,25,2023,88,81,93,91,91,86,3.5,1
QB,Carter Griffin,37,2011,87,85,81,81,84,86,3.3,1
QB,Holden Winslow,38,2010,74,65,70,71,55,71,2.0,1
RB,Drew Whitaker,22,2025,85,91,93,96,87,90,3.4,2
RB,Trey Callahan,31,2015,78,88,68,79,83,71,2.8,3
RB,Kai Thorne,27,2021,92,78,85,90,81,75,4.0,1
RB,Malcolm Dalton,33,2014,90,80,84,75,94,90,3.6,4
RB,Carter West,34,2012,73,54,82,78,73,68,2.1,1
WR,Damon Quinlan,32,2016,89,72,88,95,90,93,3.7,2
WR,Malcolm Griffin,33,2015,89,71,91,73,92,81,3.8,4
WR,Drew Thorne,22,2025,81,78,67,70,70,82,3.1,1
WR,Devin Dunlap,27,2019,81,77,96,76,80,93,3.0,1
WR,Sam Rourke,28,2019,82,91,76,81,91,91,2.8,4
WR,Emmett Sterling,21,2025,73,72,79,69,64,76,2.6,1
WR,Keaton West,24,2024,79,84,71,89,77,76,2.9,3
WR,Tate Vaughn,36,2011,80,61,80,85,63,73,3.0,2
WR,Blake Prescott,37,2010,84,90,92,75,91,89,2.8,3
END_PLAYERS
Cleveland Browns, CLE
CB,Zane Vaughn,22,2025,75,65,76,88,72,85,2.7,1
CB,Grant West,29,2018,61,64,60,74,70,58,1.3,3
CB,Jared Monroe,24,2022,72,78,82,77,81,78,1.8,2
CB,Warren Warren,27,2021,85,89,87,85,90,92,3.2,3
CB,Miles Dalton,25,2021,74,64,63,77,79,74,2.5,3
CB,Cameron Rourke,34,2014,79,73,80,62,73,77,2.5,3
CB,Zane Barrett,34,2014,68,60,80,73,73,70,1.6,1
S,Xavier Yates,25,2021,77,77,64,79,79,64,2.2,3
S,Owen Sinclair,27,2021,73,61,78,85,84,70,2.2,4
S,Cole Winston,23,2024,66,68,64,61,76,60,1.5,3
S,Micah Young,32,2014,78,71,82,91,91,74,2.7,2
S,Reed Warren,30,2018,63,63,72,71,61,65,1.4,2
S,Cole Prescott,37,2010,80,80,74,89,87,81,2.9,2
DL,Grant Norris,23,2023,69,53,61,63,72,73,1.7,1
DL,Tate Yates,26,2022,80,67,88,92,81,91,2.8,1
DL,Kai Marlow,29,2017,88,66,74,75,80,88,3.4,1
DL,Quincy Caldwell,27,2019,70,64,81,81,64,85,1.8,1
DL,Keaton Brooks,32,2015,70,61,75,65,67,76,2.1,4
DL,Owen Finley,29,2018,81,74,85,81,77,71,3.1,1
DL,Hunter Sloan,31,2016,62,73,75,72,64,80,1.3,1
DL,Eli Prescott,25,2023,81,74,73,85,85,80,3.1,1
DL,Quincy Dawson,32,2014,75,92,92,86,77,74,2.2,2
DL,Travis Whitaker,36,2012,68,75,63,73,69,69,2.2,3
LB,Keaton Bishop,30,2017,80,72,81,67,86,67,2.8,3
LB,Jordan Hollis,28,2019,89,69,91,69,74,82,3.1,1
LB,Theo Carver,31,2015,82,63,86,75,87,85,2.8,1
LB,Hunter Wright,24,2023,70,79,75,81,72,73,2.1,4
LB,Landon Walker,24,2023,88,70,83,74,72,86,3.3,3
LB,Jared Bishop,33,2014,70,69,76,72,58,62,2.1,3
LB,Theo Warren,33,2014,76,70,69,73,68,87,2.3,1
OL,Rhett Wilder,32,2014,78,90,80,80,88,85,2.6,2
OL,Evan Abbott,22,2026,85,70,69,76,77,83,3.3,4
OL,Tyler Underwood,25,2021,80,74,78,84,86,87,2.5,4
OL,Parker Sloan,26,2020,88,64,78,78,79,71,3.1,3
OL,Travis Madden,22,2024,72,89,81,68,81,77,2.5,3
OL,Tyler Madden,21,2026,85,90,80,69,79,76,3.1,1
OL,Owen Hayes,23,2023,78,75,83,69,63,66,2.8,3
OL,Theo Bishop,22,2025,76,71,71,63,79,68,2.5,2
OL,Jordan Parker,28,2018,90,70,88,77,93,83,3.7,4
OL,Jace Winston,25,2022,83,69,87,79,87,81,2.8,4
OL,Noah Young,22,2025,81,88,90,76,77,88,2.5,4
OL,Logan Sloan,34,2012,80,60,69,79,75,81,3.1,2
K,Zane Harlan,24,2023,80,62,66,62,80,69,2.8,3
QB,Keaton Griffin,25,2021,67,58,67,79,82,80,2.0,4
QB,Zane Wells,32,2014,82,86,85,75,80,81,2.8,1
QB,Darius Hayes,34,2012,71,72,74,66,69,70,2.3,1
RB,Roman Griffin,22,2024,76,75,72,70,68,68,2.3,4
RB,Hunter York,29,2017,85,63,92,69,88,88,2.8,4
RB,Devin Sinclair,28,2019,79,85,80,70,74,74,2.9,4
RB,Julian Vaughn,30,2016,70,74,62,72,62,72,1.7,3
RB,Tyler Sutton,36,2010,76,83,87,84,75,74,2.6,2
WR,Darius Young,29,2018,92,66,78,82,73,80,4.0,3
WR,Blake Dunlap,29,2019,74,69,80,78,69,76,2.0,2
WR,Avery Marlow,24,2024,85,91,81,80,80,71,3.2,3
WR,Finn Marlow,32,2014,80,86,74,66,64,72,2.6,2
WR,Nate West,23,2023,81,67,66,74,70,84,2.9,3
WR,Travis Vance,23,2025,87,71,81,78,83,81,3.0,2
WR,Jared Bradley,23,2023,80,84,75,71,86,87,2.9,3
WR,Evan Langley,36,2012,72,63,63,68,81,77,1.9,1
WR,Mason Griffin,30,2016,71,57,77,66,79,67,1.8,4
END_PLAYERS
Cincinnati Bengals, CIN
CB,Jordan Underwood,32,2015,62,53,73,63,71,59,1.8,1
CB,Shane Brooks,23,2024,70,71,75,72,72,74,1.7,2
CB,Keaton Whitaker,26,2021,84,74,90,74,83,84,2.9,4
CB,Logan Keller,27,2020,77,63,67,79,71,74,2.8,3
CB,Parker Nash,30,2016,66,83,62,64,80,61,2.0,1
CB,Mason Winslow,30,2018,63,53,77,68,73,58,1.4,3
CB,Logan Hayes,35,2013,85,86,73,87,84,72,3.3,2
S,Carter Vaughn,28,2019,66,65,60,61,60,64,1.9,4
S,Warren Whitaker,22,2026,79,76,78,77,60,74,3.0,3
S,Zach Barrett,24,2022,82,68,69,70,88,69,2.7,4
S,Riley Nash,31,2017,77,68,71,70,71,65,2.4,1
S,Trey Sterling,37,2010,77,92,88,79,74,90,2.6,1
S,Zach Bishop,30,2016,73,57,75,61,67,58,2.3,1
DL,Finn Sinclair,31,2016,75,76,70,80,59,80,2.2,4
DL,Preston Dunlap,24,2023,81,72,74,86,86,86,2.6,2
DL,Devin Sloan,21,2025,62,70,55,58,58,63,1.4,3
DL,Travis Ellis,21,2026,65,66,77,71,59,77,1.8,1
DL,Wyatt Abbott,22,2025,67,55,61,77,61,63,1.7,1
DL,Caleb Hollis,29,2017,76,60,79,60,76,72,2.3,2
DL,Nate Hollis,24,2022,70,60,74,65,59,73,2.1,3
DL,Wes Nash,23,2024,59,60,56,69,58,54,1.4,3
DL,Miles Reeves,22,2024,82,81,77,69,70,89,3.0,1
DL,Malcolm York,38,2010,85,73,67,69,74,84,3.3,2
LB,Xavier Sterling,23,2025,66,64,55,62,73,59,1.5,1
LB,Jordan Walsh,32,2014,66,77,79,68,73,73,1.4,4
LB,Tate Rourke,24,2022,64,51,71,69,76,71,1.8,3
LB,Theo Shepherd,27,2021,71,56,71,78,80,78,2.0,2
LB,Holden Madden,24,2024,77,79,74,77,67,67,2.6,4
LB,Finn Zeller,36,2012,73,79,66,62,76,72,2.1,2
LB,Zane Wilder,38,2010,84,85,75,70,88,83,3.2,4
OL,Preston Bishop,22,2026,77,61,72,76,72,58,2.9,2
OL,Wyatt Foster,30,2016,80,57,71,80,75,67,2.5,3
OL,Victor Griffin,24,2022,80,77,72,64,64,77,2.5,1
OL,Sawyer Sterling,30,2017,60,78,72,69,77,72,1.2,4
OL,Riley Wells,23,2025,77,94,79,78,82,82,2.4,4
OL,Noah Parker,22,2026,77,65,75,73,77,63,2.4,2
OL,Xavier Tanner,27,2020,76,81,82,75,79,85,2.7,4
OL,Holden Wells,28,2018,81,58,83,65,67,67,2.5,1
OL,Tyler Bradley,27,2020,70,59,58,61,77,61,2.2,3
OL,Travis Winston,24,2024,70,68,73,81,73,76,2.3,2
OL,Xavier Wilder,37,2011,64,64,76,60,65,78,1.4,4
OL,Wes Norris,32,2015,74,59,73,65,62,75,2.0,4
K,Finn Dalton,33,2015,70,66,79,79,74,68,2.1,3
QB,Jace Shepherd,22,2025,69,48,71,72,74,61,1.8,3
QB,Wyatt Harlan,21,2026,72,72,66,68,65,74,1.9,3
QB,Micah Dunlap,37,2010,80,75,75,69,80,76,2.6,4
RB,Drew Caldwell,26,2021,68,59,85,76,65,71,2.0,3
RB,Gage Griffin,25,2021,86,72,70,89,84,77,3.4,3
RB,Holden West,25,2022,76,73,87,69,77,84,2.8,2
RB,Hunter Quinlan,36,2012,68,57,60,75,61,69,1.7,1
RB,Rhett Rourke,38,2010,77,53,80,68,63,69,2.3,3
WR,Theo Walker,33,2014,73,75,67,78,69,79,1.9,3
WR,Hunter Vaughn,27,2019,79,60,80,80,74,73,2.8,1
WR,Miles Barrett,30,2018,79,82,84,79,74,87,2.9,3
WR,Jalen Ellis,30,2018,88,64,80,89,81,73,3.1,1
WR,Emmett Prescott,27,2021,72,73,85,70,90,82,2.5,2
WR,Xavier Keller,23,2023,72,73,66,65,61,68,1.8,1
WR,Devin Griffin,25,2021,65,79,69,76,69,80,1.7,3
WR,Noah Whitaker,37,2010,78,78,62,60,63,69,2.6,3
WR,Nico Barrett,35,2011,76,63,82,67,75,74,2.4,3
END_PLAYERS
Pittsburgh Steelers, PIT
CB,Zach Ellis,26,2020,62,57,62,51,44,65,1.2,1
CB,Landon Wilder,31,2015,48,56,63,55,59,54,1.3,2
CB,Isaiah Winston,30,2018,55,60,75,55,65,49,1.1,1
CB,Quincy Barrett,31,2017,54,58,66,57,63,42,1.0,1
CB,Noah Bradley,32,2016,47,52,65,59,64,58,0.8,2
CB,Julian Bradley,38,2010,50,48,70,50,54,64,0.8,3
CB,Jordan Madden,30,2016,52,55,64,53,61,48,1.3,3
S,Drew Tanner,23,2025,51,56,60,64,55,53,0.8,1
S,Wyatt Kendrick,23,2023,53,47,76,50,43,48,0.8,3
S,Devin Tanner,21,2026,56,54,60,57,57,49,0.6,1
S,Holden Shepherd,22,2026,55,54,60,61,46,52,1.0,2
S,Logan Underwood,32,2014,46,60,72,55,61,61,1.0,1
S,Jalen Vaughn,37,2010,46,54,73,56,44,48,0.8,1
DL,Jordan Sloan,31,2017,58,57,66,47,45,64,1.2,1
DL,Gavin Prescott,31,2015,47,48,62,64,52,48,1.3,1
DL,Holden Dunlap,23,2023,46,44,59,62,63,46,0.6,2
DL,Parker Griffin,30,2017,57,60,61,46,52,60,1.0,2
DL,Mason Vance,25,2023,50,46,73,49,51,62,0.8,2
DL,Logan Bishop,23,2024,59,54,63,45,64,60,0.6,3
DL,Warren Ramsey,33,2015,51,55,66,64,46,44,0.6,1
DL,Hunter Mercer,24,2023,46,50,72,65,42,58,0.7,3
DL,Trey Norris,33,2013,54,43,62,58,52,62,1.1,2
DL,Carter Norris,30,2016,58,57,73,61,50,50,1.3,3
LB,Caleb Abbott,24,2023,54,53,60,60,55,44,1.2,3
LB,Blake Underwood,33,2013,57,52,65,60,47,62,0.8,1
LB,Parker Winston,23,2023,54,52,66,52,50,50,0.8,3
LB,Jordan Carver,25,2022,53,53,72,44,61,46,0.7,1
LB,Roman Quinlan,33,2013,51,58,68,45,64,52,0.6,3
LB,Damon Dalton,23,2023,60,58,75,53,57,65,0.7,1
LB,Devin Warren,24,2023,57,48,74,47,59,43,1.2,1
OL,Jordan Griffin,24,2022,50,51,76,57,53,57,1.2,1
OL,Holden Harlan,23,2025,54,44,58,63,64,62,1.2,1
OL,Emmett Rourke,33,2014,58,48,61,49,59,60,0.7,3
OL,Jalen Sloan,27,2019,59,42,60,43,51,55,0.7,3
OL,Emmett Dawson,23,2024,54,45,70,60,58,62,1.2,1
OL,Malcolm Winslow,29,2017,57,42,56,62,47,53,0.6,1
OL,Wyatt Parker,28,2018,45,53,61,43,51,52,1.3,3
OL,Drew Baxter,30,2016,51,49,63,55,64,63,0.7,2
OL,Wes Young,21,2025,57,55,69,50,55,45,1.3,3
OL,Gage Carver,29,2019,55,50,72,59,43,62,0.9,3
OL,Roman Young,36,2012,46,44,74,55,55,45,0.8,1
OL,Jalen Sutton,33,2015,50,54,67,47,48,60,0.6,2
K,Gavin Baxter,26,2022,53,42,74,46,49,58,1.0,3
QB,Kendall Sutton,24,2022,46,52,66,53,59,60,1.3,3
QB,Tyler Yates,37,2010,60,58,63,55,57,63,0.6,2
QB,Victor Bishop,38,2010,52,45,63,58,44,48,0.9,1
RB,Carter Finley,26,2022,50,51,65,53,55,51,0.7,2
RB,Jared Sterling,26,2020,48,46,67,52,42,50,0.8,2
RB,Preston Parker,30,2016,50,58,66,57,48,63,1.1,1
RB,Blake Nash,34,2014,62,55,73,61,48,58,1.3,3
RB,Keaton Reeves,29,2019,54,52,72,54,52,53,1.3,2
WR,Finn Ellis,23,2024,50,52,65,44,44,61,0.8,1
WR,Cole Shepherd,24,2024,45,47,65,50,64,59,1.1,3
WR,Jace Nash,27,2020,59,54,71,59,53,60,1.2,2
WR,Caleb Underwood,21,2027,48,59,63,56,52,43,1.1,1
WR,Zane Parker,29,2017,55,57,58,46,42,54,0.8,3
WR,Blake Baxter,30,2016,45,47,58,58,61,64,1.2,1
WR,Tyler York,27,2021,58,54,74,59,49,53,1.1,3
WR,Devin Nash,30,2016,60,43,69,56,60,51,1.3,2
WR,Wyatt Barrett,34,2014,45,53,55,62,59,62,0.8,2
END_PLAYERS
Buffalo Bills, BUF
CB,Mason Baxter,24,2022,83,68,86,78,85,77,2.7,1
CB,Damon Winston,21,2026,85,72,69,69,78,75,3.0,2
CB,Shane Hayes,26,2021,80,61,75,68,83,72,2.7,1
CB,Kendall Griffin,33,2014,80,79,70,83,67,83,2.6,2
CB,Nico Kendrick,30,2018,77,72,58,77,72,75,2.3,1
CB,Nico Harlan,33,2015,76,66,63,80,80,72,2.8,1
CB,Grant Sutton,35,2012,69,69,82,62,82,80,2.0,3
S,Devin Norris,25,2022,80,83,75,70,76,71,2.6,3
S,Riley Callahan,28,2020,81,72,95,88,83,73,3.1,1
S,Wyatt Townsend,25,2023,65,80,84,65,75,75,1.5,1
S,Caleb Thorne,24,2024,87,93,81,74,86,95,3.1,3
S,Bryce Bennett,33,2015,77,80,75,89,73,78,2.8,3
S,Nate Warren,31,2016,61,63,72,62,70,75,1.1,4
DL,Kendall Dunlap,25,2023,75,65,65,71,65,74,2.3,3
DL,Theo Parker,28,2018,66,53,55,65,77,68,1.9,3
DL,Xavier Vance,29,2018,75,59,78,72,77,67,2.4,2
DL,Roman Caldwell,24,2023,84,66,91,68,88,75,2.8,3
DL,Nolan Yates,25,2023,79,78,73,73,76,91,2.5,2
DL,Victor Foster,27,2020,70,66,80,74,59,60,2.2,2
DL,Sam Dalton,23,2025,66,65,70,68,69,75,1.5,4
DL,Cameron Madden,29,2019,81,63,75,72,86,74,3.1,3
DL,Hunter Underwood,33,2014,67,74,84,66,79,70,1.7,3
DL,Nolan Nash,33,2014,82,72,93,81,87,90,2.7,2
LB,Wes Bennett,29,2018,63,66,61,73,66,70,1.4,2
LB,Emmett Griffin,30,2017,66,76,65,68,67,70,1.9,4
LB,Rhett Marlow,25,2023,70,57,80,66,59,61,1.9,2
LB,Nolan Kendrick,31,2015,84,80,74,95,95,84,3.0,4
LB,Caleb Callahan,32,2014,68,56,64,68,63,70,1.8,1
LB,Eli Bishop,38,2010,83,75,94,94,84,88,2.7,1
LB,Cole Rourke,31,2016,67,56,63,77,61,60,1.9,2
OL,Finn Winslow,27,2021,75,73,62,72,71,69,2.1,2
OL,Damon Nash,25,2023,85,65,79,73,75,68,3.2,3
OL,Parker Dalton,30,2016,84,78,93,90,78,81,3.2,3
OL,Sawyer Carver,26,2021,80,72,65,71,76,73,3.1,2
OL,Theo Sloan,23,2025,78,55,71,63,79,68,2.9,3
OL,Drew Vance,29,2018,70,67,78,79,74,64,2.0,3
OL,Jared Nash,27,2019,59,53,76,72,57,59,0.9,3
OL,Noah Carver,23,2025,83,81,66,70,69,81,3.0,4
OL,Zane Abbott,33,2013,71,73,62,63,74,57,1.9,2
OL,Trey Prescott,27,2020,80,75,78,78,84,77,2.9,4
OL,Jace Keller,32,2015,86,78,90,79,74,90,3.3,4
OL,Landon Zeller,32,2015,80,88,83,77,75,93,2.8,2
K,Devin Vance,21,2027,76,81,68,61,77,77,2.4,3
QB,Hunter Baxter,33,2015,72,83,89,81,71,70,1.9,1
QB,Jordan Sutton,34,2014,76,64,73,76,68,69,2.5,1
QB,Quincy Nash,29,2019,74,73,76,71,74,80,2.6,4
RB,Holden Parker,32,2014,83,63,74,77,81,82,3.0,1
RB,Darius Townsend,29,2018,82,66,68,82,75,71,3.2,4
RB,Darius Keller,32,2016,71,82,64,70,70,86,1.9,4
RB,Evan Brooks,34,2014,68,55,59,62,60,58,1.9,1
RB,Wes Finley,30,2017,63,54,70,64,54,60,1.2,3
WR,Mason Bishop,27,2019,79,88,73,91,69,90,2.5,2
WR,Theo Nash,25,2023,81,83,72,71,67,70,2.7,2
WR,Miles Griffin,31,2016,76,64,78,82,82,87,2.4,1
WR,Travis Sutton,25,2021,75,82,78,86,70,78,2.3,2
WR,Xavier Wright,22,2025,83,80,76,88,88,79,3.1,2
WR,Devin Baxter,26,2020,72,77,76,61,57,63,2.0,1
WR,Cole Keller,21,2025,71,77,66,67,79,65,2.4,2
WR,Cole Mercer,36,2012,79,63,74,81,89,89,2.4,4
WR,Grant Thorne,33,2015,82,64,70,85,66,68,2.8,3
END_PLAYERS
Houston Texans, HOU
CB,Tate Walker,28,2018,88,90,92,83,83,95,3.1,1
CB,Emmett Sawyer,33,2015,78,67,85,66,74,82,2.8,4
CB,Sam Keller,23,2023,74,58,84,71,74,61,2.6,1
CB,Logan Dawson,33,2013,71,80,69,75,71,74,1.8,4
CB,Mason Carver,30,2016,74,82,81,87,89,71,2.7,3
CB,Carter Yates,23,2024,78,66,81,64,65,76,2.6,2
CB,Zane Foster,33,2013,72,70,78,73,67,77,2.1,1
S,Preston Winslow,23,2023,87,86,95,84,82,87,3.5,3
S,Darius Reeves,33,2015,83,82,92,86,74,90,3.1,2
S,Preston Ellis,22,2024,86,91,90,72,75,74,2.9,3
S,Jace Abbott,32,2015,70,73,75,59,75,72,1.8,2
S,Evan Keller,36,2010,82,58,68,67,71,65,2.6,4
S,Gage West,24,2022,82,66,71,91,82,79,3.0,1
DL,Victor Sinclair,22,2024,91,74,92,89,83,96,3.4,1
DL,Noah Walsh,26,2020,84,82,93,84,93,94,3.2,1
DL,Julian Griffin,22,2024,80,83,87,71,83,78,2.8,2
DL,Zane Bennett,33,2015,78,80,91,78,77,79,2.9,4
DL,Tate Bishop,22,2024,71,66,72,74,79,68,2.0,4
DL,Rhett Tanner,29,2018,66,78,69,66,70,66,1.9,2
DL,Roman Underwood,29,2019,85,83,81,73,83,85,3.4,4
DL,Darius Dunlap,28,2018,87,87,73,83,67,68,3.4,3
DL,Bryce Brooks,37,2010,63,59,56,72,63,70,1.2,3
DL,Jordan Vance,36,2010,69,61,56,69,61,64,2.1,4
LB,Holden Finley,32,2015,90,82,80,91,87,93,3.8,2
LB,Bryce West,28,2020,79,72,90,74,80,90,2.6,4
LB,Gavin Thorne,28,2020,77,80,83,73,79,74,2.3,3
LB,Parker Vance,31,2016,62,48,56,75,70,70,1.6,2
LB,Victor Harlan,24,2022,82,81,85,73,82,89,3.0,1
LB,Micah Dalton,34,2014,66,58,59,74,68,64,1.7,4
LB,Sawyer Nash,36,2011,67,65,69,69,75,67,2.1,3
OL,Darius Sawyer,27,2021,91,84,95,91,96,91,3.4,1
OL,Jared Ramsey,32,2016,69,61,64,77,82,82,1.7,1
OL,Mason Bradley,33,2015,84,70,88,77,81,89,3.2,1
OL,Miles Prescott,33,2015,69,71,77,61,79,64,2.1,1
OL,Carter Young,30,2018,81,68,71,80,68,64,2.8,2
OL,Theo Rourke,27,2019,77,66,81,88,76,80,2.2,2
OL,Avery Redding,22,2024,72,71,67,76,75,58,2.2,1
OL,Nolan Reeves,27,2021,77,84,72,67,79,86,2.8,1
OL,Mason Kendrick,24,2024,67,62,84,78,63,70,1.7,2
OL,Shane Sutton,26,2020,81,92,90,93,76,77,2.7,1
OL,Carter Bishop,33,2013,70,51,71,75,69,71,2.2,3
OL,Jace Redding,32,2014,74,76,85,88,67,75,2.4,4
K,Julian Brooks,23,2025,73,87,66,88,79,73,2.6,4
QB,Rhett Vaughn,28,2018,94,74,92,95,83,91,3.8,1
QB,Zane Hollis,35,2011,89,81,77,75,77,79,3.8,1
QB,Theo Sterling,32,2015,71,75,83,70,86,84,1.9,3
RB,Trey Kendrick,27,2021,93,77,85,89,96,93,3.5,1
RB,Caleb Hayes,30,2017,65,51,55,68,70,62,1.4,2
RB,Avery Underwood,26,2022,70,86,76,86,71,77,2.2,4
RB,Sawyer Thorne,30,2017,74,64,66,74,60,60,2.2,1
RB,Malcolm Callahan,23,2023,71,79,69,65,81,85,2.1,4
WR,Devin Hollis,25,2023,88,82,85,84,96,85,3.3,4
WR,Logan Shepherd,32,2015,90,73,86,85,74,81,3.5,2
WR,Landon Kendrick,28,2019,65,70,81,72,69,81,1.7,3
WR,Owen Parker,27,2020,72,56,73,77,65,62,2.0,2
WR,Sam Sinclair,23,2024,83,89,85,83,86,77,3.2,4
WR,Jared Underwood,23,2023,83,78,87,78,92,86,3.1,1
WR,Quincy Quinlan,26,2020,69,84,69,82,82,81,1.9,2
WR,Nolan Monroe,34,2013,87,64,91,89,68,70,3.2,1
WR,Cameron Dalton,33,2015,76,85,75,81,70,80,2.7,2
END_PLAYERS
Indianapolis Colts, IND
CB,Kai Mercer,31,2016,73,60,73,80,85,63,2.0,4
CB,Holden Wright,23,2023,75,87,72,79,79,79,2.6,4
CB,Gage Parker,32,2015,83,83,83,72,77,85,3.2,3
CB,Drew Hayes,22,2024,62,60,64,59,65,69,1.2,4
CB,Tate Harlan,29,2019,84,75,73,82,71,86,3.2,4
CB,Nate Brooks,30,2018,80,87,86,71,87,77,2.5,2
CB,Evan Finley,33,2014,85,86,81,79,90,73,3.4,2
S,Carter Bennett,28,2019,67,53,62,77,71,74,1.5,1
S,Carter Winslow,31,2015,64,58,77,71,63,76,1.8,2
S,Blake Vance,26,2022,77,73,69,62,83,77,2.2,3
S,Marcus Shepherd,26,2022,78,80,74,75,75,95,2.4,3
S,Preston Sterling,38,2010,68,65,76,75,68,54,1.7,4
S,Logan Nash,30,2017,67,64,61,74,69,77,1.9,2
DL,Nolan Ramsey,33,2014,65,52,69,59,72,55,1.4,3
DL,Keaton Madden,33,2013,91,94,86,90,89,75,3.8,3
DL,Riley West,25,2022,78,94,92,77,76,90,2.7,2
DL,Cole Underwood,26,2020,85,92,72,82,90,89,3.2,4
DL,Jordan Bradley,32,2014,71,54,77,76,72,62,2.3,4
DL,Finn Dawson,23,2023,74,84,81,79,72,85,2.4,2
DL,Wes Walsh,25,2023,75,56,77,77,61,73,2.3,4
DL,Drew Ellis,33,2015,68,54,77,74,72,70,2.0,2
DL,Nico Baxter,37,2010,78,51,76,80,61,76,2.8,3
DL,Kai Kendrick,34,2014,75,52,62,78,63,61,2.3,2
LB,Kendall Wright,27,2021,76,74,87,84,83,80,2.5,2
LB,Hunter Dalton,33,2015,80,82,83,84,84,80,3.0,2
LB,Jared Carver,24,2022,92,94,82,74,82,91,3.8,4
LB,Jace Ellis,27,2019,89,80,73,89,72,85,3.6,4
LB,Preston Bradley,33,2015,73,71,61,82,81,64,2.1,2
LB,Logan Sutton,22,2024,63,74,58,56,61,68,1.2,4
LB,Malcolm Underwood,36,2011,72,49,59,68,67,56,2.1,2
OL,Theo Sinclair,27,2020,58,71,60,67,72,76,1.1,4
OL,Emmett Walker,24,2024,70,71,76,65,65,68,2.3,1
OL,Quincy Hayes,25,2022,66,61,79,72,76,75,2.1,2
OL,Jace Sloan,33,2015,73,69,88,67,85,80,2.1,3
OL,Blake Harlan,30,2016,89,68,94,78,85,94,3.6,1
OL,Julian Reeves,25,2021,71,51,63,67,62,72,2.4,1
OL,Jace Walker,29,2018,77,78,78,95,95,93,2.2,4
OL,Rhett Foster,30,2017,71,48,62,62,60,67,1.9,1
OL,Cole Young,32,2016,71,67,64,68,72,79,1.8,1
OL,Jalen Hendrix,21,2026,74,55,66,72,76,74,2.3,1
OL,Shane Finley,29,2017,85,78,73,83,93,92,2.8,1
OL,Holden Prescott,33,2015,77,79,79,81,63,75,2.5,3
K,Sawyer Shepherd,30,2017,64,63,61,61,68,54,1.3,4
QB,Jared Madden,24,2024,78,64,82,76,70,78,2.8,1
QB,Nate Foster,29,2018,72,84,84,80,79,83,2.3,2
QB,Cameron Tanner,22,2024,74,48,66,58,71,67,2.6,1
RB,Darius Yates,28,2020,74,79,76,64,64,61,2.5,2
RB,Blake Sterling,29,2017,68,72,78,71,64,64,2.1,2
RB,Landon Madden,29,2019,88,77,77,72,74,82,3.0,1
RB,Jared Zeller,29,2017,84,75,90,71,92,88,2.9,4
RB,Noah Monroe,22,2026,83,72,77,82,76,90,3.2,1
WR,Miles Shepherd,25,2021,90,76,95,81,86,80,3.4,4
WR,Isaiah Vance,28,2019,79,73,82,82,71,72,2.8,4
WR,Emmett Tanner,27,2020,72,75,76,72,76,69,2.2,4
WR,Drew Hendrix,31,2016,84,82,92,70,84,86,3.1,2
WR,Bryce Carver,33,2015,88,83,89,79,70,84,3.1,4
WR,Damon Ellis,24,2024,79,62,79,62,62,72,2.6,2
WR,Evan Vance,31,2016,64,73,70,60,73,58,1.6,1
WR,Kai Winston,32,2015,73,56,84,68,72,81,2.2,1
WR,Isaiah Marlow,29,2017,71,71,71,83,72,84,2.4,3
END_PLAYERS
Jacksonville Jaguars, JAX
CB,Zach Warren,25,2023,68,56,71,56,70,65,2.0,4
CB,Trey Young,24,2024,85,77,80,73,90,74,3.1,3
CB,Kendall Madden,33,2014,81,63,85,79,80,83,3.0,1
CB,Kai Sloan,29,2017,66,67,63,84,83,77,1.7,4
CB,Darius Baxter,27,2019,89,84,82,69,75,89,3.4,4
CB,Devin Walker,29,2017,71,77,84,80,83,69,2.3,4
CB,Gage Hendrix,36,2010,79,69,65,61,63,80,2.6,3
S,Victor Abbott,25,2023,75,64,72,80,79,70,2.4,2
S,Trey Caldwell,25,2021,83,69,71,78,63,73,3.0,4
S,Tyler Tanner,22,2025,90,80,96,91,92,78,3.6,2
S,Kai Vaughn,26,2020,71,48,57,71,69,60,2.0,3
S,Eli Redding,29,2019,79,93,72,81,72,76,2.7,4
S,Micah Kendrick,31,2015,81,71,79,77,91,71,2.8,1
DL,Zane Zeller,29,2017,68,65,70,67,76,63,1.8,2
DL,Hunter Norris,26,2021,80,82,78,80,76,75,2.8,1
DL,Kai Prescott,25,2022,75,50,62,64,65,68,2.1,2
DL,Blake Barrett,25,2021,70,69,64,60,69,73,2.1,1
DL,Owen Yates,28,2020,79,56,70,62,81,80,3.0,3
DL,Carter Dalton,29,2017,64,62,55,57,55,66,1.9,2
DL,Micah Brooks,31,2016,72,78,67,59,66,60,2.2,4
DL,Micah Keller,31,2017,76,73,70,78,62,60,2.8,4
DL,Roman Hayes,33,2013,82,86,89,83,89,80,2.7,4
DL,Isaiah Rourke,29,2019,74,66,93,84,77,80,2.7,4
LB,Isaiah Finley,28,2019,59,57,68,67,74,57,0.9,2
LB,Sam Walker,33,2015,88,84,81,83,90,89,3.3,3
LB,Noah Bennett,26,2022,72,85,70,86,79,73,2.0,2
LB,Noah Kendrick,21,2025,82,85,74,80,82,84,3.2,1
LB,Victor Shepherd,28,2018,79,68,76,90,87,74,2.4,4
LB,Logan Hendrix,37,2010,77,52,70,78,75,77,2.5,2
LB,Reed Langley,29,2019,79,65,72,83,67,66,2.4,4
OL,Grant Young,31,2016,87,74,92,78,76,80,3.3,1
OL,Warren Caldwell,33,2015,92,91,73,87,79,82,3.9,3
OL,Shane Baxter,27,2020,74,82,78,68,74,74,2.1,3
OL,Theo Thorne,31,2017,81,79,86,73,83,84,3.0,4
OL,Avery Hollis,33,2014,70,59,74,76,64,64,2.0,1
OL,Drew Bradley,30,2016,67,68,74,65,59,75,1.9,3
OL,Grant Bishop,22,2024,64,56,77,61,74,72,1.5,2
OL,Preston Keller,22,2025,70,58,69,78,68,66,2.4,1
OL,Wes Townsend,28,2020,79,89,70,73,89,85,2.5,2
OL,Rhett Sinclair,26,2021,75,70,73,79,67,69,2.7,2
OL,Jalen Vance,35,2011,80,93,76,96,77,93,2.9,1
OL,Emmett Norris,38,2010,68,53,66,76,59,75,2.0,3
K,Caleb Sutton,30,2016,68,72,87,79,68,79,2.0,1
QB,Kendall Walsh,25,2023,72,82,78,88,71,70,2.3,4
QB,Nico Sutton,29,2017,90,85,73,80,79,80,3.5,2
QB,Wes Callahan,33,2013,82,73,70,79,76,80,3.2,3
RB,Jordan Abbott,23,2025,75,91,90,79,81,79,2.3,2
RB,Evan Marlow,22,2025,80,76,77,68,76,66,3.0,2
RB,Evan Sterling,26,2022,91,79,96,93,82,95,3.5,2
RB,Emmett Warren,30,2017,74,76,81,58,80,60,2.4,2
RB,Caleb Ellis,35,2012,77,82,73,82,72,75,2.5,2
WR,Marcus Underwood,31,2015,81,92,91,73,77,84,3.2,1
WR,Blake Warren,29,2019,62,57,71,76,75,59,1.2,1
WR,Shane Wright,29,2019,71,61,69,59,73,64,2.1,2
WR,Gavin Shepherd,28,2020,83,86,69,65,72,66,2.9,1
WR,Owen Zeller,26,2021,63,69,65,74,71,56,1.2,1
WR,Warren Rourke,32,2014,78,71,68,71,82,75,2.6,4
WR,Zane Madden,28,2018,71,75,65,68,67,82,2.4,2
WR,Wyatt Wells,21,2025,58,62,70,56,55,57,0.8,1
WR,Caleb Monroe,29,2017,73,83,84,74,84,66,2.0,1
END_PLAYERS
Kansas City Chiefs, KC
CB,Owen Foster,23,2024,77,76,92,77,78,81,2.2,1
CB,Reed Reeves,28,2019,72,70,66,73,67,61,2.3,1
CB,Travis Dunlap,24,2024,76,88,69,91,89,70,2.2,1
CB,Mason Callahan,26,2021,87,68,77,69,78,79,3.0,2
CB,Keaton Caldwell,29,2017,71,61,78,75,64,68,2.4,4
CB,Emmett Vance,35,2011,62,52,69,59,74,69,1.3,1
CB,Carter Rourke,29,2019,77,65,89,91,79,74,2.3,4
S,Gavin Reeves,30,2017,74,85,66,69,81,73,2.5,1
S,Xavier Winston,22,2024,67,63,69,78,57,71,1.8,2
S,Carter Langley,28,2019,86,94,90,82,76,96,3.3,4
S,Noah Brooks,27,2020,88,69,77,92,90,83,3.1,2
S,Grant Mercer,35,2012,87,70,75,89,78,74,3.0,1
S,Wyatt Zeller,32,2015,87,94,80,90,77,96,3.0,2
DL,Drew Madden,28,2019,67,79,72,78,65,80,1.5,1
DL,Julian Wilder,23,2025,87,60,85,72,77,83,3.0,3
DL,Shane Sloan,32,2014,74,74,66,60,75,74,2.6,4
DL,Parker Harlan,22,2024,79,74,90,71,71,84,2.8,3
DL,Caleb Whitaker,21,2026,81,64,74,76,82,79,2.8,1
DL,Quincy Ramsey,32,2016,83,79,83,74,79,69,2.8,3
DL,Finn York,24,2022,73,74,66,84,71,75,1.9,3
DL,Julian Langley,23,2023,81,71,74,71,85,83,2.7,4
DL,Gage Rourke,29,2019,78,80,83,84,73,75,2.6,3
DL,Zane Warren,31,2017,65,51,56,59,63,54,1.3,3
LB,Shane York,22,2025,83,85,86,74,68,74,2.8,3
LB,Jared Griffin,28,2020,86,73,86,74,86,87,3.4,3
LB,Marcus Zeller,28,2020,75,78,77,69,75,69,2.3,4
LB,Tate Vance,22,2024,79,71,80,87,94,84,2.4,3
LB,Sawyer Bradley,25,2022,82,63,78,83,76,84,2.6,3
LB,Keaton Sloan,34,2012,77,73,81,62,76,67,2.3,4
LB,Preston Nash,29,2017,80,86,73,88,76,75,3.1,1
OL,Evan Winston,28,2018,76,83,68,65,80,84,2.2,2
OL,Travis Shepherd,31,2017,68,49,55,69,75,70,2.0,2
OL,Parker West,29,2017,83,86,79,72,74,74,2.9,3
OL,Noah Underwood,24,2024,79,80,69,78,69,81,2.5,4
OL,Jordan Warren,24,2023,80,72,76,96,91,91,2.8,2
OL,Logan Dalton,23,2025,73,57,78,57,77,75,2.3,3
OL,Finn Dunlap,30,2016,81,71,73,89,79,87,2.9,3
OL,Kai Young,33,2015,78,85,72,77,86,85,2.5,2
OL,Riley Wright,30,2017,65,62,76,74,60,73,1.5,3
OL,Holden Warren,32,2015,85,74,79,90,81,77,3.2,3
OL,Nate Whitaker,33,2013,75,77,74,74,83,86,2.6,4
OL,Keaton Hendrix,30,2017,86,90,91,88,81,72,3.0,3
K,Owen Wright,22,2026,90,72,94,84,80,74,3.8,4
QB,Noah Bishop,31,2015,69,53,58,56,59,58,2.2,2
QB,Cameron Reeves,31,2016,59,49,58,56,73,58,1.4,4
QB,Mason Harlan,30,2016,75,61,83,81,71,76,2.4,3
RB,Jalen Underwood,29,2017,72,60,77,81,62,72,2.1,4
RB,Nolan Wells,31,2016,84,74,95,93,76,83,3.1,1
RB,Cole Hendrix,27,2020,83,89,90,85,75,85,2.7,2
RB,Cameron Parker,38,2010,73,63,64,71,69,69,2.4,3
RB,Gavin Young,33,2014,67,75,61,61,68,71,1.5,4
WR,Grant Hayes,33,2013,87,68,94,96,75,80,3.6,3
WR,Theo Ramsey,27,2021,89,74,89,93,85,84,3.2,2
WR,Caleb Caldwell,31,2015,71,76,76,79,81,71,1.9,1
WR,Grant Bradley,33,2013,85,82,89,71,80,76,3.0,3
WR,Blake Griffin,29,2018,67,49,56,60,58,67,1.5,1
WR,Damon Dawson,24,2022,69,74,60,59,60,74,2.1,3
WR,Avery Barrett,22,2024,70,55,66,69,74,69,1.8,2
WR,Malcolm Foster,33,2015,75,60,63,81,84,72,2.1,2
WR,Reed Mercer,33,2015,85,86,83,79,78,80,3.5,1
END_PLAYERS
Los Angeles Chargers, LAC
CB,Jace Harlan,21,2025,70,76,77,74,69,73,1.7,4
CB,Sam Thorne,25,2022,86,82,77,89,86,73,3.5,3
CB,Gage Dunlap,23,2024,77,75,76,75,67,76,2.8,2
CB,Bryce Keller,32,2014,65,73,60,70,62,66,1.9,4
CB,Zach Marlow,27,2020,80,84,87,89,78,81,2.7,1
CB,Sam Zeller,24,2022,75,66,78,79,75,83,2.1,1
CB,Kendall Monroe,30,2018,61,48,75,57,66,54,1.3,1
S,Bryce Vance,29,2017,62,58,60,76,68,62,1.4,1
S,Grant Walker,28,2018,90,68,85,75,95,77,3.8,3
S,Finn Underwood,23,2024,78,58,70,71,75,84,2.9,3
S,Shane Abbott,26,2020,89,66,83,78,84,74,3.4,2
S,Drew Dalton,37,2010,65,54,68,74,73,62,1.7,1
S,Theo Hayes,37,2010,85,79,93,78,73,72,2.9,3
DL,Carter Kendrick,28,2018,69,74,77,71,66,78,1.7,1
DL,Emmett Parker,23,2025,87,63,83,83,84,88,3.3,2
DL,Micah Callahan,30,2017,92,79,79,94,73,78,3.4,2
DL,Holden Foster,32,2014,74,75,81,70,61,66,2.3,1
DL,Tyler Keller,31,2016,76,78,79,71,69,89,2.1,3
DL,Sam Bradley,32,2015,87,79,86,68,89,77,3.3,2
DL,Caleb Dunlap,26,2020,89,91,94,85,86,85,3.7,3
DL,Noah York,31,2016,79,76,70,80,76,84,2.8,1
DL,Nolan Underwood,33,2014,74,78,78,72,77,61,2.5,1
DL,Marcus Wells,37,2010,81,69,84,83,67,69,2.8,1
LB,Finn Walker,24,2023,85,64,69,77,78,81,2.9,2
LB,Zane Nash,30,2016,68,82,81,78,63,71,2.0,2
LB,Landon Hollis,31,2017,79,73,71,81,87,73,2.5,1
LB,Jace Hollis,32,2014,67,61,73,61,80,75,1.7,1
LB,Caleb Finley,22,2024,83,68,91,75,88,92,3.3,3
LB,Drew Carver,35,2011,78,83,71,66,87,75,2.3,2
LB,Wyatt Baxter,36,2010,85,82,78,87,91,87,2.8,2
OL,Isaiah Wright,23,2023,75,64,70,72,83,64,2.3,4
OL,Eli Reeves,27,2020,90,69,94,82,85,88,3.2,3
OL,Grant Winslow,27,2020,88,89,82,89,91,85,3.7,4
OL,Gage Marlow,27,2020,86,87,94,95,92,74,3.5,4
OL,Preston Warren,22,2025,74,63,87,72,92,73,2.6,2
OL,Caleb Baxter,23,2023,72,67,62,69,79,61,1.9,2
OL,Cameron Dawson,32,2016,73,74,75,69,58,71,1.9,3
OL,Wyatt Brooks,22,2025,69,58,65,81,81,71,2.1,4
OL,Hunter Redding,23,2024,69,65,62,73,62,58,1.8,2
OL,Travis Tanner,27,2020,82,87,77,82,92,80,3.0,4
OL,Sawyer Langley,31,2015,71,63,68,78,77,80,1.9,2
OL,Kendall Underwood,30,2018,78,70,86,71,82,76,2.9,3
K,Preston Wells,29,2017,81,79,82,83,68,77,2.7,4
QB,Riley Young,21,2027,79,68,81,95,92,94,2.8,2
QB,Nolan Young,32,2016,63,60,77,63,75,75,1.5,2
QB,Sam Harlan,24,2024,91,73,78,87,85,75,3.8,3
RB,Grant Madden,22,2026,86,89,88,87,80,87,3.3,2
RB,Sam Griffin,22,2024,83,66,68,69,67,75,2.7,4
RB,Owen Walker,30,2016,73,58,76,77,72,70,2.5,1
RB,Roman Reeves,24,2022,82,58,85,80,81,77,2.6,2
RB,Isaiah Walsh,35,2012,90,85,88,89,87,89,3.6,3
WR,Wes Bishop,29,2018,84,90,88,73,77,74,2.7,2
WR,Jared Winston,28,2020,60,76,74,61,58,65,1.3,1
WR,Noah Yates,33,2014,86,79,92,74,88,85,3.1,3
WR,Nolan Quinlan,21,2027,80,82,85,72,68,73,2.4,1
WR,Reed Baxter,33,2014,88,87,90,86,84,80,3.3,3
WR,Zach Griffin,22,2025,73,81,71,73,64,68,2.0,4
WR,Zane Dunlap,29,2019,76,54,70,62,68,67,2.6,4
WR,Julian Callahan,34,2014,86,74,82,85,84,79,3.4,1
WR,Owen Shepherd,29,2017,79,71,85,77,91,71,2.9,3
END_PLAYERS
Las Vegas Raiders, LV
CB,Wes Wright,28,2020,92,80,91,85,90,84,3.7,1
CB,Nico Monroe,32,2014,82,80,72,69,78,69,2.8,1
CB,Darius Rourke,31,2017,89,91,83,87,90,77,3.6,1
CB,Victor Wilder,32,2014,78,54,72,73,71,76,2.4,4
CB,Malcolm Redding,33,2013,73,67,63,75,82,72,2.3,1
CB,Preston Rourke,33,2015,71,81,68,79,75,73,2.2,3
CB,Rhett Hendrix,34,2014,63,60,57,71,73,74,1.4,4
S,Sam Wilder,32,2016,91,89,79,96,90,90,3.8,1
S,Darius Sinclair,23,2025,71,74,78,77,75,63,1.9,1
S,Rhett Winslow,28,2019,68,63,69,71,83,81,1.8,2
S,Carter Nash,26,2022,65,72,59,74,61,67,1.5,3
S,Keaton Keller,30,2016,82,69,87,69,76,67,3.2,3
S,Zane Brooks,31,2017,72,65,75,86,84,66,2.2,3
DL,Zach Bradley,23,2025,87,79,90,90,93,92,3.1,4
DL,Logan Redding,22,2026,64,65,68,59,66,68,1.4,2
DL,Zane Hayes,28,2018,68,66,65,86,66,84,2.0,1
DL,Trey Vaughn,28,2018,65,67,74,78,75,73,1.4,2
DL,Keaton Dunlap,32,2015,79,58,67,73,87,81,3.0,2
DL,Isaiah Parker,33,2015,83,72,81,86,85,80,3.1,3
DL,Jace Dunlap,25,2021,77,78,74,73,87,79,2.5,1
DL,Micah Ramsey,24,2023,81,76,87,75,77,78,3.1,3
DL,Sawyer Underwood,30,2018,73,75,63,70,80,70,2.3,2
DL,Trey Brooks,22,2024,85,71,89,84,72,83,2.8,2
LB,Nolan Bennett,32,2015,84,74,78,87,84,83,2.9,3
LB,Tate Whitaker,22,2025,84,70,74,76,69,70,3.3,1
LB,Trey Walsh,27,2021,61,56,78,66,67,58,1.0,1
LB,Xavier Winslow,26,2022,82,92,72,82,73,82,2.6,4
LB,Roman Nash,24,2022,74,77,75,85,81,90,2.1,1
LB,Kendall West,36,2012,79,68,76,69,70,62,2.6,1
LB,Emmett Whitaker,36,2010,85,81,92,71,82,86,3.4,2
OL,Trey Mercer,32,2016,92,90,86,89,89,91,3.4,2
OL,Jace Wright,31,2015,64,63,67,58,62,65,1.3,4
OL,Cameron Finley,29,2018,83,80,77,87,88,88,2.8,4
OL,Hunter Abbott,26,2022,71,52,61,77,74,64,2.0,1
OL,Damon Madden,31,2015,80,72,85,88,85,73,2.8,1
OL,Marcus Reeves,32,2016,77,80,76,69,86,84,2.6,3
OL,Gage Dalton,32,2014,75,71,59,63,69,63,2.4,4
OL,Devin Wilder,23,2023,72,63,62,56,71,76,2.4,3
OL,Owen Griffin,31,2015,76,67,64,81,82,70,2.8,4
OL,Finn Langley,30,2017,68,79,75,74,80,65,1.9,3
OL,Zane Winslow,32,2014,78,76,92,86,79,71,2.5,3
OL,Trey Dawson,30,2018,90,82,80,86,92,86,3.4,2
K,Jared Walker,31,2016,75,64,66,73,71,63,2.6,2
QB,Cole Marlow,25,2022,86,83,88,94,92,84,3.2,3
QB,Avery Winslow,31,2016,62,61,76,67,63,64,1.6,2
QB,Drew Sutton,32,2016,65,77,74,73,75,72,1.9,2
RB,Logan Sterling,24,2024,86,75,91,82,85,92,3.5,3
RB,Julian Young,32,2014,79,63,67,68,67,73,2.5,3
RB,Eli Barrett,26,2021,75,90,80,87,79,74,2.5,2
RB,Darius Walsh,34,2013,75,69,77,78,64,78,2.5,2
RB,Jordan Thorne,35,2012,65,57,73,77,73,60,1.9,1
WR,Devin Brooks,27,2019,94,73,90,94,92,95,3.7,4
WR,Preston Redding,22,2024,77,74,78,71,65,64,2.6,4
WR,Travis Langley,29,2017,63,75,72,58,65,71,1.4,2
WR,Bryce Hayes,25,2021,92,69,80,84,86,89,3.7,3
WR,Isaiah Mercer,23,2025,74,55,71,60,62,72,2.3,2
WR,Mason Wilder,22,2024,88,90,78,94,96,77,3.4,3
WR,Micah Rourke,22,2024,72,73,87,70,83,85,2.2,4
WR,Jordan Hendrix,38,2010,86,83,72,88,79,79,3.6,2
WR,Wyatt Nash,38,2010,80,78,75,90,87,90,2.7,3
END_PLAYERS
Denver Broncos, DEN
CB,Isaiah Underwood,24,2023,70,70,63,61,68,65,2.3,4
CB,Cole Vaughn,24,2023,66,54,81,64,80,62,1.9,3
CB,Xavier Redding,30,2018,78,60,74,73,64,63,2.8,4
CB,Drew York,31,2017,81,81,75,70,82,82,2.7,4
CB,Jalen Sinclair,31,2017,66,56,83,75,75,74,2.0,2
CB,Miles Madden,30,2018,82,86,77,81,91,78,3.1,3
CB,Gage Vance,33,2013,74,62,67,78,68,58,2.5,1
S,Gavin Bishop,22,2025,88,92,73,75,86,75,3.1,4
S,Preston Thorne,28,2019,81,60,74,87,69,82,2.9,4
S,Julian Bennett,23,2023,73,72,83,68,75,70,2.1,3
S,Evan Thorne,28,2019,72,61,76,59,74,56,1.9,2
S,Micah Quinlan,23,2024,73,85,80,89,85,78,2.4,4
S,Jace Bennett,24,2022,84,79,77,71,93,85,3.2,3
DL,Marcus Caldwell,32,2015,73,69,71,58,66,70,2.4,2
DL,Owen Dawson,32,2014,74,74,65,64,71,69,2.0,4
DL,Nico Shepherd,23,2023,71,59,63,55,76,72,2.3,1
DL,Nico Zeller,27,2021,83,89,78,87,91,93,2.8,2
DL,Cameron Langley,24,2023,86,87,88,87,70,70,3.2,4
DL,Wyatt Norris,33,2015,87,87,73,83,84,87,3.0,2
DL,Roman Rourke,32,2016,75,74,78,75,78,81,2.1,3
DL,Zane Callahan,29,2017,80,75,75,82,71,79,2.9,2
DL,Jace Caldwell,24,2022,88,87,78,89,83,90,3.2,2
DL,Rhett Ellis,33,2014,63,51,71,63,75,64,1.5,2
LB,Jordan Harlan,30,2017,70,68,69,76,76,73,2.2,1
LB,Sam Brooks,29,2017,75,77,83,84,80,68,2.3,1
LB,Julian Finley,30,2018,91,73,93,84,85,77,3.4,4
LB,Parker Bennett,22,2026,79,70,88,68,78,81,2.5,1
LB,Travis Foster,25,2021,70,61,64,83,73,67,1.8,3
LB,Roman York,37,2010,77,74,88,86,83,81,2.8,4
LB,Jordan Callahan,29,2018,69,59,68,74,55,76,1.9,1
OL,Riley Carver,21,2025,67,52,56,59,55,73,1.9,3
OL,Rhett Underwood,32,2014,85,70,91,75,77,82,3.0,2
OL,Gavin Ellis,30,2017,75,60,60,59,66,75,2.1,4
OL,Zach Sutton,32,2016,77,62,84,77,78,73,2.7,1
OL,Avery Prescott,33,2013,64,65,60,71,64,68,1.3,3
OL,Wyatt Hayes,32,2016,90,68,73,87,92,81,3.7,3
OL,Finn Kendrick,21,2027,74,66,66,60,74,58,2.5,4
OL,Jalen Dalton,22,2024,79,84,73,90,75,74,2.4,1
OL,Shane Winston,26,2021,80,69,75,79,71,79,2.8,4
OL,Owen Sutton,28,2020,78,74,72,73,67,67,2.4,1
OL,Wes Brooks,37,2011,67,50,60,61,69,77,2.1,4
OL,Sawyer Caldwell,29,2019,77,61,79,78,76,74,2.6,1
K,Carter Wells,24,2022,87,85,76,74,77,89,3.3,2
QB,Keaton Dalton,22,2024,79,68,75,84,78,86,2.7,4
QB,Landon Ellis,30,2016,73,78,68,82,82,66,2.1,2
QB,Kai Zeller,38,2010,74,81,68,70,67,69,2.2,1
RB,Micah Monroe,29,2019,70,68,72,81,73,71,2.2,1
RB,Emmett Dunlap,24,2022,73,81,89,90,79,83,2.1,2
RB,Cameron Wright,24,2023,73,58,81,80,63,67,2.4,3
RB,Riley Hendrix,23,2024,69,76,78,65,83,82,1.8,1
RB,Sam Langley,38,2010,88,87,83,90,93,87,3.5,4
WR,Sawyer Dalton,24,2023,71,83,81,70,83,77,2.4,2
WR,Gavin Mercer,24,2024,92,70,76,89,89,95,3.7,3
WR,Gavin Yates,27,2021,79,62,73,62,63,71,2.4,4
WR,Xavier West,28,2020,70,82,72,83,82,66,2.2,1
WR,Kendall Bennett,22,2024,89,82,83,76,92,81,3.1,2
WR,Emmett Bradley,32,2014,77,60,68,78,60,71,2.5,4
WR,Carter Shepherd,23,2025,77,70,72,78,91,81,2.4,1
WR,Landon Finley,34,2013,73,72,87,79,73,84,2.2,1
WR,Parker Foster,38,2010,85,80,84,72,78,83,2.8,4
END_PLAYERS
New England Patriots, NE
CB,Roman Foster,26,2022,59,76,77,67,58,61,0.9,4
CB,Eli Thorne,33,2015,73,82,89,83,73,82,1.9,2
CB,Gage Thorne,32,2015,72,59,76,56,75,78,2.3,4
CB,Avery Thorne,29,2017,87,74,86,95,87,74,3.4,4
CB,Cole Sterling,21,2026,69,77,81,76,77,58,1.9,4
CB,Blake Quinlan,30,2018,80,61,70,75,79,78,2.8,3
CB,Rhett Ramsey,31,2016,68,66,83,73,79,79,1.7,2
S,Parker Norris,32,2015,84,63,76,92,73,77,3.3,1
S,Quincy Wright,22,2025,82,81,89,75,80,78,3.3,3
S,Keaton Quinlan,25,2023,79,69,70,67,78,82,2.6,2
S,Keaton Prescott,31,2015,84,73,85,82,78,87,3.0,3
S,Tate Dawson,38,2010,70,64,60,68,64,69,1.8,1
S,Kendall Mercer,34,2012,67,59,59,71,61,63,2.0,4
DL,Nico Wright,30,2016,73,82,89,79,81,71,2.0,3
DL,Jordan Shepherd,30,2017,77,53,74,75,64,72,2.6,2
DL,Holden Vaughn,24,2024,67,61,86,78,65,69,1.9,4
DL,Cole Whitaker,23,2025,73,63,71,75,68,71,2.6,1
DL,Riley Walker,31,2017,74,78,64,74,59,70,2.5,4
DL,Grant Langley,30,2018,82,70,90,86,82,89,3.2,1
DL,Cameron Sterling,26,2020,83,77,64,74,71,63,3.2,4
DL,Finn Mercer,22,2026,73,62,57,70,70,69,2.1,1
DL,Trey Hayes,31,2015,74,74,84,73,89,84,2.1,1
DL,Quincy West,21,2026,88,89,70,89,90,77,3.3,1
LB,Carter Tanner,29,2017,76,80,66,81,70,70,2.3,3
LB,Julian Keller,29,2018,80,86,71,76,67,74,2.4,1
LB,Nico Carver,28,2020,77,93,83,80,78,94,2.7,4
LB,Gavin Caldwell,24,2022,75,78,70,86,76,83,2.6,3
LB,Nate Mercer,25,2021,59,49,77,70,55,71,1.4,1
LB,Sam Vance,36,2010,76,62,75,69,81,76,2.6,4
LB,Jordan Sinclair,32,2014,65,76,82,76,72,75,1.8,3
OL,Eli Marlow,27,2020,81,80,87,74,90,77,3.1,4
OL,Zane Townsend,27,2021,80,69,77,86,78,96,3.0,3
OL,Sawyer Marlow,29,2019,66,55,55,63,76,67,1.6,3
OL,Blake Thorne,31,2017,64,61,71,80,65,72,1.3,2
OL,Rhett Dawson,21,2026,75,64,61,75,72,61,2.2,3
OL,Isaiah Young,22,2025,68,71,80,79,67,75,1.7,2
OL,Kendall Nash,22,2026,86,65,82,77,75,71,3.2,2
OL,Finn Bennett,33,2015,76,50,65,69,62,63,2.6,1
OL,Cole Reeves,23,2025,75,73,78,90,78,76,2.6,4
OL,Quincy Mercer,31,2016,58,56,70,56,70,72,1.0,3
OL,Jalen Reeves,38,2010,83,82,71,88,70,68,2.9,2
OL,Reed Keller,37,2011,59,54,75,74,54,73,1.2,1
K,Isaiah Yates,22,2026,77,94,80,84,92,91,2.8,2
QB,Bryce Langley,24,2024,78,62,68,81,77,67,2.3,2
QB,Marcus Norris,37,2010,72,60,69,75,64,57,2.0,3
QB,Micah Langley,36,2011,87,90,74,75,80,91,3.6,1
RB,Cameron Ellis,23,2023,82,88,79,70,82,69,3.1,4
RB,Holden Sinclair,31,2017,90,70,87,73,93,92,3.7,3
RB,Marcus Baxter,24,2024,82,85,76,86,90,70,3.1,1
RB,Micah Wells,35,2011,78,78,91,79,78,78,2.3,1
RB,Damon Vance,35,2012,80,88,86,90,92,81,2.8,3
WR,Xavier Baxter,33,2015,92,90,78,76,77,84,3.5,2
WR,Jared Hollis,23,2023,69,57,67,85,66,71,2.0,4
WR,Cole Caldwell,31,2017,70,72,75,80,82,69,2.3,2
WR,Hunter Foster,29,2017,66,73,83,69,83,75,1.6,4
WR,Julian Winston,23,2023,72,61,71,80,84,74,2.3,3
WR,Rhett Wright,25,2022,80,77,91,85,73,88,3.1,1
WR,Avery Townsend,22,2026,91,70,86,84,94,80,3.8,2
WR,Blake Ramsey,32,2014,80,66,80,79,74,72,2.7,2
WR,Kendall Wilder,31,2017,85,80,75,84,71,88,3.1,2
END_PLAYERS
New York Jets, NYJ
CB,Nolan Whitaker,28,2018,86,76,87,80,84,76,3.3,3
CB,Finn Madden,23,2023,78,78,88,70,90,80,2.3,2
CB,Shane Caldwell,22,2026,85,70,90,73,86,91,3.4,1
CB,Gage Madden,26,2021,71,54,55,75,67,58,1.8,1
CB,Nate Norris,28,2019,68,79,59,72,59,74,2.2,3
CB,Tate Finley,29,2019,72,70,71,78,73,71,2.2,1
CB,Warren Norris,34,2014,66,70,76,58,72,75,1.6,1
S,Noah Walker,31,2015,73,77,82,72,72,81,2.5,4
S,Theo Keller,33,2013,75,61,67,75,80,67,2.4,1
S,Sawyer Ellis,29,2019,84,88,76,73,85,80,3.3,1
S,Cole Nash,33,2013,81,64,64,76,66,73,3.0,3
S,Finn Walsh,38,2010,83,86,80,88,78,73,3.0,1
S,Drew Foster,37,2010,68,67,65,70,75,70,2.0,3
DL,Landon Dalton,23,2025,63,48,58,59,74,75,1.7,2
DL,Jared Wells,24,2024,74,72,78,83,86,81,2.1,1
DL,Devin Caldwell,33,2015,83,60,82,86,68,79,2.8,3
DL,Bryce Rourke,26,2021,65,61,77,61,62,67,1.4,3
DL,Wyatt Wright,32,2014,66,70,75,80,75,66,1.8,3
DL,Parker Baxter,23,2023,89,81,93,80,84,83,3.4,3
DL,Sawyer Whitaker,23,2023,69,63,80,72,72,83,2.0,1
DL,Darius Langley,26,2020,78,62,78,65,67,82,2.6,3
DL,Gavin Redding,35,2012,79,87,76,74,75,71,2.8,3
DL,Nate Redding,32,2014,76,69,60,74,72,60,2.7,4
LB,Keaton Sinclair,31,2016,76,67,80,77,75,74,2.4,4
LB,Jordan Ramsey,31,2015,77,63,86,76,68,72,2.3,3
LB,Sawyer Bennett,29,2018,81,72,87,79,76,89,2.8,1
LB,Landon Griffin,30,2018,77,71,69,73,72,67,2.9,3
LB,Keaton Ellis,30,2018,74,50,65,56,72,76,2.3,1
LB,Zane Dalton,37,2011,77,80,71,71,74,61,2.8,4
LB,Logan Norris,32,2016,80,79,76,72,77,80,3.1,4
OL,Cameron Marlow,32,2015,90,66,75,86,92,73,3.7,1
OL,Carter Sawyer,23,2025,82,88,68,87,81,75,3.0,4
OL,Tyler Dunlap,23,2024,88,78,71,78,82,72,3.1,4
OL,Blake Callahan,22,2026,79,72,69,77,71,63,3.0,3
OL,Evan Wells,23,2024,84,84,87,72,88,93,3.2,4
OL,Rhett Parker,24,2022,68,53,61,70,76,78,1.8,1
OL,Finn Redding,24,2023,80,65,80,73,93,89,2.8,1
OL,Trey Monroe,26,2022,73,83,69,75,76,64,2.2,3
OL,Landon York,23,2025,78,79,71,71,74,79,2.6,2
OL,Caleb Wilder,33,2013,76,68,74,67,63,80,2.6,2
OL,Warren Wilder,24,2022,87,73,73,69,86,73,3.6,4
OL,Holden Sloan,23,2023,67,70,72,73,72,69,2.0,1
K,Avery Hendrix,22,2025,89,80,72,83,71,92,3.3,1
QB,Julian York,23,2024,73,56,65,64,61,68,2.4,4
QB,Nolan Brooks,38,2010,79,73,67,75,62,63,2.5,2
QB,Preston Abbott,31,2016,63,73,68,77,75,61,1.3,4
RB,Theo Monroe,22,2024,74,63,71,67,73,78,2.4,3
RB,Preston Caldwell,24,2023,87,79,85,89,85,69,3.3,2
RB,Nico Finley,22,2025,72,55,56,75,61,76,2.2,2
RB,Reed Carver,33,2013,78,59,83,64,70,75,2.5,4
RB,Preston Townsend,32,2014,79,84,93,84,70,75,2.7,2
WR,Jordan Nash,24,2023,64,77,74,61,75,59,1.4,1
WR,Jace Dawson,30,2018,63,61,74,68,66,70,1.7,1
WR,Damon Winslow,23,2025,81,87,66,79,82,85,3.0,1
WR,Miles Baxter,30,2017,71,76,77,77,68,68,1.9,4
WR,Hunter Shepherd,30,2017,67,66,63,71,66,75,1.5,4
WR,Bryce Abbott,32,2015,62,74,61,57,65,77,1.4,3
WR,Nate Walker,23,2023,75,86,76,67,75,64,2.7,1
WR,Victor Vance,33,2014,76,58,80,80,73,81,2.8,1
WR,Sawyer York,38,2010,66,63,67,74,69,73,1.4,2
END_PLAYERS
Miami Dolphins, MIA
CB,Jalen Wilder,33,2013,68,82,81,82,72,63,1.7,1
CB,Tate Redding,25,2021,83,76,73,74,70,83,3.1,1
CB,Emmett Underwood,25,2023,70,57,70,63,63,57,1.8,1
CB,Eli Sutton,24,2022,63,52,57,70,57,56,1.8,2
CB,Trey Wells,26,2022,65,73,69,56,66,71,1.9,3
CB,Nolan Bishop,32,2014,79,88,73,75,83,84,3.0,4
CB,Carter Quinlan,33,2013,73,73,80,64,77,73,2.4,4
S,Shane Foster,31,2016,79,66,68,77,78,77,3.0,3
S,Damon Shepherd,24,2023,89,70,85,80,87,83,3.7,3
S,Kai Tanner,31,2015,92,87,87,80,91,91,3.6,4
S,Zane Young,27,2019,92,88,79,74,81,88,3.8,1
S,Isaiah Callahan,32,2015,87,90,86,75,75,88,3.6,2
S,Shane Nash,35,2013,92,71,82,87,77,73,3.8,4
DL,Tyler Hendrix,30,2016,90,85,95,77,89,81,3.8,1
DL,Sam Nash,25,2021,71,75,83,70,61,67,2.0,4
DL,Emmett Winslow,23,2025,76,56,69,79,63,68,2.6,4
DL,Nolan Vance,25,2022,78,67,60,63,80,68,2.3,3
DL,Tyler Vance,27,2021,89,79,91,84,91,96,3.6,4
DL,Marcus Redding,22,2025,72,69,73,67,65,86,1.8,3
DL,Landon Sloan,24,2023,85,62,71,75,66,75,3.0,1
DL,Zach Rourke,30,2016,67,57,78,57,57,76,1.8,3
DL,Sam Monroe,36,2010,78,82,69,74,69,77,2.3,2
DL,Hunter West,30,2018,75,57,56,59,59,61,2.2,2
LB,Caleb Carver,31,2016,83,67,86,73,63,76,2.9,1
LB,Grant Underwood,31,2016,74,81,90,75,69,77,2.3,3
LB,Tyler Walsh,26,2021,70,79,77,66,75,74,1.7,1
LB,Tate Mercer,27,2020,66,74,73,82,73,66,1.9,2
LB,Emmett Vaughn,24,2022,75,59,83,79,79,84,2.5,3
LB,Warren Sterling,38,2010,60,67,69,59,77,76,1.2,3
LB,Victor Sterling,35,2012,66,62,64,69,63,79,2.0,4
OL,Sawyer Yates,31,2015,79,59,73,75,72,75,3.0,4
OL,Eli Callahan,31,2015,66,80,76,73,60,70,1.9,1
OL,Keaton Foster,28,2018,78,66,69,84,88,72,2.3,2
OL,Carter Mercer,26,2022,66,80,64,71,78,65,1.6,2
OL,Nate Young,24,2024,79,83,75,79,74,93,2.4,3
OL,Victor Townsend,30,2018,74,76,77,75,86,83,2.7,2
OL,Holden Mercer,25,2021,78,73,75,92,76,94,2.4,4
OL,Gavin Langley,22,2024,87,94,78,74,82,82,3.2,2
OL,Xavier Quinlan,23,2025,89,67,82,89,78,91,3.7,2
OL,Emmett Young,26,2022,73,75,78,73,69,86,2.1,3
OL,Eli Parker,33,2015,83,64,75,81,69,66,2.9,3
OL,Owen Winston,29,2017,89,74,77,82,79,86,3.3,4
K,Cameron Barrett,32,2015,66,60,70,57,63,69,1.6,2
QB,Avery Sutton,30,2016,86,70,96,82,85,90,3.3,1
QB,Xavier Thorne,22,2025,75,70,87,76,68,88,2.4,4
QB,Zane Redding,35,2012,73,72,87,80,85,89,2.2,1
RB,Cameron Baxter,24,2023,68,79,61,81,76,78,2.0,3
RB,Xavier Nash,30,2017,83,60,70,78,69,68,3.0,2
RB,Zane Ramsey,33,2015,83,72,78,85,75,78,3.1,1
RB,Trey Townsend,23,2023,79,79,93,73,82,75,2.8,2
RB,Bryce Foster,22,2025,66,54,73,66,75,80,1.6,4
WR,Travis Dawson,29,2017,86,84,81,73,88,78,3.4,1
WR,Miles Callahan,30,2016,76,81,73,88,87,78,2.3,1
WR,Rhett Bradley,33,2013,73,62,74,65,80,65,2.6,3
WR,Finn Parker,30,2016,79,62,80,74,76,68,2.7,3
WR,Logan Ellis,31,2016,72,78,66,63,59,80,2.0,4
WR,Bryce Underwood,22,2026,69,71,68,66,71,77,2.1,4
WR,Jordan Young,26,2020,86,63,89,84,89,83,3.2,4
WR,Bryce Redding,30,2018,76,70,83,72,85,87,2.6,1
WR,Noah Hendrix,32,2015,70,71,81,75,83,74,2.4,2
END_PLAYERS
Tennessee Titans, TEN
CB,Grant Tanner,28,2019,85,90,80,83,94,95,3.1,2
CB,Hunter Griffin,30,2016,88,75,74,72,72,85,3.1,1
CB,Preston Carver,27,2020,63,57,65,56,72,66,1.7,2
CB,Quincy Underwood,23,2025,73,66,82,81,65,66,2.1,3
CB,Isaiah Caldwell,22,2026,58,54,55,59,59,67,1.1,3
CB,Roman West,36,2011,81,90,86,81,90,75,3.2,3
CB,Caleb Warren,30,2018,63,65,64,67,77,71,1.7,4
S,Landon Thorne,32,2015,89,82,86,85,82,85,3.7,3
S,Roman Wilder,23,2024,87,70,87,84,96,87,3.3,3
S,Quincy Sutton,31,2016,83,74,84,76,74,80,3.2,2
S,Xavier Dawson,23,2024,71,64,83,84,78,79,2.4,1
S,Sawyer Sutton,30,2017,75,67,82,72,68,83,2.1,3
S,Gavin Sinclair,22,2025,73,61,68,61,65,68,2.1,2
DL,Finn Hayes,33,2013,94,78,91,87,85,83,3.5,1
DL,Trey Langley,24,2024,64,75,70,67,74,72,1.5,1
DL,Eli Kendrick,28,2018,73,70,66,81,76,76,2.3,2
DL,Tyler Winston,29,2017,72,60,70,83,72,79,2.1,2
DL,Malcolm Ellis,23,2023,74,80,80,71,64,64,2.1,1
DL,Miles Parker,33,2015,73,61,60,62,60,66,2.4,2
DL,Landon Carver,27,2019,87,71,90,74,89,86,3.0,4
DL,Jared Foster,23,2023,66,53,73,65,58,54,1.4,1
DL,Kai Callahan,35,2013,88,79,72,78,70,75,3.5,3
DL,Damon Barrett,37,2010,86,90,81,86,82,75,3.1,2
LB,Avery Yates,29,2019,92,88,83,84,90,96,4.0,3
LB,Julian Walker,24,2024,76,80,66,65,76,71,2.4,3
LB,Gage Warren,33,2014,91,85,77,78,85,80,3.9,1
LB,Bryce Reeves,22,2024,80,80,89,86,85,80,3.0,2
LB,Cole Yates,26,2022,89,74,76,79,73,94,3.8,2
LB,Isaiah Bradley,21,2026,71,80,67,73,68,84,2.2,4
LB,Roman Prescott,33,2013,70,63,61,65,58,69,1.7,2
OL,Marcus Parker,22,2024,90,80,87,95,95,93,3.6,3
OL,Zach Norris,29,2017,65,59,76,79,75,78,1.7,4
OL,Gavin Vance,25,2021,81,70,73,90,88,92,3.1,1
OL,Drew Sawyer,23,2024,70,69,66,69,83,65,2.3,2
OL,Darius Bradley,24,2022,79,70,88,87,83,75,2.7,3
OL,Nate Yates,27,2020,62,75,70,77,66,62,1.3,3
OL,Riley Dalton,25,2022,74,79,79,86,78,83,2.5,2
OL,Warren Winston,24,2023,79,63,82,86,77,69,2.9,3
OL,Mason Sloan,26,2021,68,71,69,80,59,64,1.8,3
OL,Jared Kendrick,27,2019,70,79,88,70,80,84,1.7,4
OL,Caleb Parker,35,2013,80,67,94,72,87,93,3.0,1
OL,Wyatt Reeves,35,2013,82,65,89,91,90,72,2.9,3
K,Drew Hollis,24,2024,66,81,78,76,72,62,1.7,4
QB,Emmett Carver,23,2024,84,84,90,86,92,94,3.3,4
QB,Devin Whitaker,33,2015,84,72,82,83,73,77,3.2,2
QB,Micah Reeves,24,2024,79,83,77,77,77,78,2.5,1
RB,Landon Hendrix,31,2017,91,83,79,85,86,87,3.3,2
RB,Cole Wells,32,2016,76,75,75,76,72,73,2.1,2
RB,Drew Young,26,2022,76,52,73,73,64,79,2.8,1
RB,Grant Wright,30,2017,72,69,87,80,70,72,2.5,1
RB,Kendall Warren,31,2016,82,73,85,79,63,73,3.0,1
WR,Sawyer Brooks,31,2017,92,72,86,95,95,85,3.5,3
WR,Carter Abbott,23,2025,85,63,77,89,75,74,2.9,2
WR,Mason Ramsey,31,2015,69,69,55,73,60,61,1.7,2
WR,Quincy Yates,33,2013,82,66,83,79,73,87,3.0,4
WR,Damon Keller,24,2023,85,81,80,87,74,71,3.4,4
WR,Nolan Caldwell,23,2025,88,86,77,75,78,77,3.6,4
WR,Jared Mercer,33,2015,89,76,74,93,89,86,3.2,4
WR,Caleb Redding,29,2018,78,83,82,80,85,82,2.3,2
WR,Carter Sloan,30,2016,65,49,64,56,76,63,1.7,3
END_PLAYERS
Philadelphia Eagles, PHI
CB,Jordan Yates,24,2023,74,54,69,68,70,61,2.7,2
CB,Drew Sterling,29,2017,74,70,57,65,62,67,2.2,1
CB,Sam Winston,22,2026,77,60,74,82,64,67,2.2,4
CB,Miles Redding,28,2019,77,63,68,74,60,78,2.3,2
CB,Caleb Bradley,32,2015,80,68,81,71,67,64,2.8,2
CB,Gavin York,35,2011,75,90,70,88,76,75,2.2,4
CB,Reed Norris,38,2010,71,69,77,66,77,62,2.1,4
S,Jace Wells,29,2018,90,67,93,89,74,80,3.8,1
S,Rhett Wells,25,2021,78,80,72,69,80,80,2.7,1
S,Roman Redding,26,2022,88,63,80,70,76,78,3.5,3
S,Devin Sutton,23,2024,67,54,58,59,63,56,1.5,3
S,Darius Norris,23,2024,79,93,81,80,83,77,3.0,2
S,Marcus Tanner,35,2011,92,80,81,83,78,94,3.4,3
DL,Sam Wells,24,2023,83,74,89,73,80,87,2.8,4
DL,Grant Monroe,33,2014,84,78,90,73,83,78,3.0,3
DL,Riley Kendrick,26,2020,72,64,87,87,69,80,2.0,3
DL,Emmett West,26,2021,81,81,69,70,86,66,2.9,3
DL,Xavier Brooks,30,2016,63,62,62,69,71,67,1.3,1
DL,Kendall Sinclair,31,2016,84,61,69,66,81,83,2.9,2
DL,Jordan Marlow,22,2025,83,85,66,82,80,76,3.0,4
DL,Hunter Vance,23,2024,61,68,80,69,68,74,1.5,2
DL,Keaton Rourke,32,2015,86,69,84,85,79,87,3.1,4
DL,Warren Dunlap,23,2024,79,68,69,86,78,74,2.8,2
LB,Marcus Vance,23,2023,69,63,74,78,66,69,2.1,4
LB,Carter Sutton,21,2025,79,69,74,78,70,76,2.6,2
LB,Quincy Abbott,27,2019,85,84,68,84,80,82,3.1,2
LB,Wes Mercer,29,2019,88,86,76,86,84,91,3.3,1
LB,Tyler Carver,27,2021,79,72,82,79,64,71,2.4,1
LB,Avery Finley,22,2025,75,85,76,78,72,79,2.3,3
LB,Victor Whitaker,34,2014,64,62,70,76,75,61,1.8,4
OL,Jalen Whitaker,31,2017,74,68,77,74,74,73,2.4,2
OL,Miles Hendrix,23,2024,79,74,73,73,60,60,3.0,2
OL,Nate Prescott,26,2022,73,69,83,86,78,72,2.2,3
OL,Victor Hendrix,23,2023,66,83,62,72,67,69,1.8,2
OL,Damon Hayes,26,2021,73,60,76,76,64,60,2.5,1
OL,Trey Sloan,33,2015,68,66,76,80,58,80,1.8,2
OL,Avery Vaughn,23,2025,67,69,66,79,60,70,1.9,1
OL,Sawyer Tanner,23,2024,86,78,91,80,88,89,3.1,1
OL,Landon Vance,26,2020,68,72,58,80,62,78,1.8,2
OL,Holden Dawson,32,2016,77,55,60,59,74,61,2.6,3
OL,Malcolm Brooks,31,2015,79,74,73,64,69,67,2.8,1
OL,Bryce Sinclair,29,2017,67,82,66,66,78,83,1.8,1
K,Kendall Barrett,31,2017,72,60,78,74,71,85,2.3,4
QB,Kendall Dalton,23,2024,65,55,62,63,67,60,1.9,2
QB,Finn Vance,36,2010,84,70,78,83,68,87,2.9,1
QB,Preston Kendrick,24,2023,73,62,74,66,65,62,2.3,3
RB,Quincy Bradley,33,2015,59,76,70,65,73,71,1.5,3
RB,Trey Nash,23,2025,77,66,78,69,63,71,2.2,4
RB,Reed Vance,31,2016,59,65,57,75,60,62,1.2,3
RB,Quincy Callahan,33,2015,73,69,86,83,66,72,2.1,4
RB,Parker Tanner,38,2010,68,52,65,75,59,64,1.9,1
WR,Miles Bennett,22,2026,86,69,70,77,79,66,3.4,2
WR,Jared Dawson,28,2018,66,67,70,58,69,56,1.7,4
WR,Travis Bishop,22,2025,66,62,62,70,78,63,2.0,2
WR,Sam Marlow,30,2018,85,61,86,75,81,73,3.0,2
WR,Reed Dalton,26,2020,60,68,59,69,70,70,1.3,4
WR,Landon Wright,33,2014,70,74,88,83,72,67,1.9,3
WR,Theo Madden,33,2014,71,71,85,71,82,66,2.2,3
WR,Xavier Langley,34,2012,65,55,59,60,63,73,1.6,1
WR,Gavin Parker,35,2011,85,63,66,87,73,75,3.4,1
END_PLAYERS
Dallas Cowboys, DAL
CB,Quincy Winston,26,2020,66,75,76,75,70,70,1.5,4
CB,Emmett Abbott,27,2020,83,60,87,89,71,82,2.7,4
CB,Damon West,27,2019,73,74,56,70,76,71,2.4,1
CB,Cameron Winston,31,2017,72,74,70,60,69,65,2.0,1
CB,Parker Dunlap,22,2025,63,60,56,62,71,63,1.2,2
CB,Miles Ellis,38,2010,70,63,77,63,71,74,1.7,2
CB,Trey Parker,22,2024,74,72,68,76,69,74,2.5,3
S,Quincy Zeller,33,2013,79,60,67,82,84,87,2.7,1
S,Holden Bradley,33,2014,65,58,69,66,62,74,1.5,2
S,Evan Wilder,32,2015,82,57,85,81,71,80,2.8,2
S,Wes Dunlap,22,2025,66,53,72,60,61,68,2.0,2
S,Evan Monroe,32,2014,90,81,96,87,90,90,3.9,4
S,Cameron Wilder,21,2026,63,52,65,61,63,69,1.4,3
DL,Trey Bishop,23,2023,82,62,91,89,79,69,2.8,3
DL,Jace Yates,24,2022,68,66,72,58,78,59,1.6,1
DL,Marcus Nash,23,2023,87,69,85,89,77,89,3.2,2
DL,Wyatt Sawyer,33,2014,75,74,80,70,72,72,2.1,3
DL,Owen Callahan,29,2018,58,60,72,65,76,63,0.9,3
DL,Zane Rourke,33,2014,86,66,92,74,76,95,3.5,4
DL,Drew Parker,23,2023,84,78,73,73,83,75,2.9,4
DL,Gage Finley,32,2016,65,54,72,74,70,63,1.9,2
DL,Damon Brooks,31,2015,87,70,76,72,78,71,3.5,3
DL,Keaton Townsend,31,2015,83,62,82,88,83,84,2.8,3
LB,Jace Walsh,23,2025,74,64,58,70,70,59,2.4,4
LB,Rhett Mercer,24,2022,91,89,83,84,79,85,3.8,3
LB,Jalen Parker,29,2018,79,74,79,86,87,79,2.8,4
LB,Julian Sinclair,28,2019,80,68,74,66,83,64,2.9,2
LB,Mason Marlow,26,2022,81,85,74,85,84,73,3.0,3
LB,Darius Ellis,29,2017,77,64,62,77,62,69,2.4,2
LB,Nico Marlow,35,2012,77,59,57,78,63,69,2.3,1
OL,Kendall Vaughn,22,2025,80,80,75,84,77,81,2.6,1
OL,Jace Brooks,24,2024,75,67,72,87,76,82,2.5,1
OL,Riley Foster,29,2019,75,75,75,81,78,80,2.1,1
OL,Cameron Norris,26,2020,74,62,83,83,71,65,2.7,4
OL,Isaiah Sawyer,21,2026,72,60,87,84,79,88,2.4,3
OL,Finn Sawyer,24,2023,67,65,78,59,79,71,1.5,1
OL,Grant Sawyer,22,2025,70,81,82,79,80,78,2.3,1
OL,Nate Shepherd,25,2022,85,69,67,75,78,74,2.9,3
OL,Victor Monroe,24,2023,80,86,80,92,80,87,2.5,4
OL,Preston Finley,24,2024,76,73,86,77,77,82,2.2,3
OL,Grant Carver,35,2012,72,68,74,75,75,56,2.4,4
OL,Grant Yates,37,2010,84,69,72,88,84,78,3.2,3
K,Shane Keller,26,2022,70,85,89,67,67,88,1.9,2
QB,Travis Mercer,25,2023,70,73,84,70,78,68,2.3,3
QB,Warren Vaughn,31,2015,75,91,94,92,88,79,2.3,3
QB,Travis Townsend,33,2013,64,59,76,74,59,79,1.8,1
RB,Rhett Finley,23,2024,89,77,73,77,88,71,3.2,4
RB,Darius Vaughn,26,2021,72,64,60,59,63,61,2.4,2
RB,Mason Sterling,30,2017,88,88,93,90,82,88,3.4,3
RB,Parker Mercer,24,2022,71,73,61,69,75,73,1.9,1
RB,Kendall Hendrix,30,2016,84,70,73,83,68,77,2.9,4
WR,Tyler Winslow,30,2016,85,84,80,94,73,94,3.1,4
WR,Nico Warren,22,2026,75,84,71,80,75,75,2.6,2
WR,Blake Shepherd,31,2016,73,87,69,89,84,81,1.9,3
WR,Theo Prescott,24,2024,72,62,83,64,64,63,2.2,2
WR,Darius Finley,22,2026,82,63,86,71,92,77,3.2,3
WR,Damon Baxter,33,2013,81,63,75,82,84,79,2.9,4
WR,Victor West,25,2022,87,81,88,81,78,79,3.5,3
WR,Devin Callahan,21,2025,77,86,88,91,90,80,2.5,3
WR,Jalen Walsh,35,2012,60,62,60,73,57,72,1.4,4
END_PLAYERS
New York Giants, NYG
CB,Nate Reeves,33,2013,81,70,88,91,88,80,2.9,4
CB,Quincy Norris,30,2018,79,75,69,73,72,64,2.4,4
CB,Malcolm Baxter,28,2018,66,79,62,77,68,79,1.6,1
CB,Theo Mercer,29,2019,72,76,80,79,82,68,1.9,3
CB,Quincy Kendrick,22,2024,74,87,70,74,86,73,2.5,3
CB,Caleb Quinlan,33,2015,70,59,63,82,77,68,2.2,3
CB,Wes Monroe,32,2016,69,79,81,72,66,85,2.1,4
S,Quincy Langley,32,2016,61,60,60,76,67,58,1.4,4
S,Cameron Whitaker,33,2013,81,81,73,72,90,88,2.8,2
S,Nico Vance,22,2026,85,63,84,83,74,85,3.4,1
S,Shane Yates,30,2016,82,85,81,86,93,86,2.7,1
S,Darius Kendrick,31,2016,79,88,74,90,82,86,2.4,4
S,Emmett Sutton,30,2016,81,94,83,86,84,92,2.7,3
DL,Logan Kendrick,24,2024,73,56,73,83,82,62,2.0,4
DL,Blake Sutton,24,2023,69,54,60,65,68,80,2.2,3
DL,Grant Zeller,23,2023,62,53,55,57,63,60,1.4,3
DL,Roman Parker,25,2023,76,68,78,68,66,72,2.5,1
DL,Avery Kendrick,23,2023,74,71,77,74,73,67,2.1,4
DL,Nate Sloan,32,2015,68,84,71,76,68,74,1.6,1
DL,Zach Quinlan,25,2023,68,62,67,67,66,74,2.1,4
DL,Cole Thorne,33,2013,67,59,74,76,61,72,1.7,4
DL,Devin Kendrick,33,2013,69,54,59,70,80,76,2.3,1
DL,Mason Nash,31,2015,71,54,59,69,61,56,2.2,1
LB,Victor Redding,31,2015,66,72,82,82,79,65,2.0,1
LB,Trey Hollis,23,2024,76,69,67,72,79,74,2.7,4
LB,Tyler Callahan,31,2017,68,68,62,65,63,74,1.5,4
LB,Cameron Bennett,31,2017,75,59,70,60,65,70,2.4,2
LB,Isaiah Winslow,24,2023,60,70,55,58,61,73,1.5,2
LB,Reed Abbott,38,2010,67,75,63,68,63,60,2.1,4
LB,Kai Winslow,30,2017,80,69,71,84,78,76,3.1,1
OL,Rhett Abbott,24,2022,60,65,67,71,65,70,1.3,4
OL,Emmett Ramsey,29,2017,84,80,82,84,91,74,3.1,2
OL,Drew Dawson,30,2018,84,82,79,79,81,88,3.3,2
OL,Caleb Yates,24,2022,88,92,88,89,91,88,3.1,4
OL,Logan Langley,23,2025,69,75,85,79,86,66,1.6,4
OL,Isaiah Warren,25,2022,76,71,78,76,74,74,2.7,2
OL,Evan Yates,23,2025,59,47,62,67,60,76,1.4,2
OL,Preston Winston,28,2020,79,71,86,85,86,76,2.7,1
OL,Quincy Bishop,23,2025,70,80,84,63,79,79,1.9,4
OL,Gage Sterling,25,2023,59,74,66,75,58,69,1.1,4
OL,Nico Ramsey,32,2014,76,67,81,81,72,85,2.8,1
OL,Nolan Norris,31,2016,91,92,89,75,81,77,3.5,2
K,Wes Keller,23,2023,75,55,66,71,65,76,2.1,2
QB,Xavier Dunlap,22,2025,67,77,75,79,75,65,2.0,1
QB,Rhett Prescott,37,2010,68,57,85,67,73,71,2.1,3
QB,Grant Brooks,36,2012,69,52,79,74,75,77,1.9,3
RB,Tyler Hollis,23,2023,71,80,80,81,71,63,1.9,4
RB,Isaiah Abbott,24,2023,83,79,93,71,74,84,3.3,3
RB,Zach Carver,26,2020,87,88,74,73,69,69,3.1,2
RB,Jalen Dawson,32,2014,77,89,76,91,75,83,2.8,4
RB,Nico Dunlap,37,2010,76,76,65,71,71,60,2.6,1
WR,Holden Reeves,28,2018,84,92,86,82,87,82,3.0,1
WR,Noah Keller,24,2022,65,70,59,55,61,66,1.4,3
WR,Devin Shepherd,22,2026,72,70,86,71,81,83,1.9,3
WR,Jared Sinclair,26,2022,75,71,72,74,69,76,2.7,2
WR,Rhett Norris,23,2024,58,61,69,58,55,75,1.3,2
WR,Sawyer Kendrick,24,2023,67,62,70,79,78,61,2.0,2
WR,Avery Wells,29,2017,86,74,75,89,77,68,3.5,4
WR,Theo Baxter,34,2013,78,62,69,85,86,76,2.9,4
WR,Drew Zeller,34,2012,74,52,78,71,61,69,2.4,3
END_PLAYERS
Washington Commanders, WAS
CB,Reed Sawyer,29,2019,79,93,72,89,92,78,2.6,2
CB,Avery Griffin,27,2019,75,58,77,77,77,75,2.5,4
CB,Tyler Wright,22,2025,78,92,77,80,89,82,2.6,3
CB,Marcus Ramsey,26,2020,80,74,71,82,62,82,2.6,1
CB,Sawyer Walker,33,2015,82,57,77,75,77,63,2.6,2
CB,Sam West,33,2015,80,85,81,82,93,85,3.1,2
CB,Preston Yates,34,2013,70,58,84,86,67,81,2.1,1
S,Nico Whitaker,23,2024,83,85,69,78,69,81,3.3,4
S,Cole Ellis,31,2016,86,68,88,71,72,74,3.2,3
S,Isaiah Hayes,33,2015,84,76,69,67,88,78,3.3,2
S,Caleb Sloan,29,2017,72,77,78,86,71,77,2.4,3
S,Hunter Warren,36,2010,82,83,72,78,83,88,2.9,4
S,Jared Redding,33,2014,71,75,69,74,85,68,2.0,1
DL,Eli Norris,25,2022,62,71,66,72,58,65,1.7,2
DL,Jared York,28,2018,77,81,67,70,68,64,2.6,3
DL,Isaiah Zeller,32,2014,65,60,78,58,72,62,1.9,4
DL,Holden Thorne,25,2022,81,77,69,86,82,71,3.2,2
DL,Finn Keller,26,2021,89,81,95,73,74,74,3.5,4
DL,Xavier Walker,24,2022,71,79,68,63,66,68,1.8,4
DL,Tate Brooks,23,2023,74,71,68,65,63,77,2.5,2
DL,Cole Hayes,28,2020,78,66,80,84,75,70,2.4,2
DL,Miles Quinlan,35,2013,75,81,80,73,73,67,2.4,2
DL,Blake Rourke,34,2014,69,57,67,66,72,66,1.7,4
LB,Owen Young,27,2021,75,92,83,89,85,76,2.4,3
LB,Drew Wells,33,2014,71,67,62,81,69,75,2.0,3
LB,Reed Tanner,31,2016,65,59,69,80,63,80,1.8,1
LB,Avery Ellis,33,2015,90,94,88,72,76,72,3.6,4
LB,Blake Winslow,24,2023,58,71,73,55,57,59,1.2,4
LB,Landon Langley,38,2010,89,90,87,81,77,74,3.7,1
LB,Hunter Winston,33,2015,66,71,77,75,59,61,1.6,4
OL,Kai Wells,24,2023,73,87,77,86,78,80,2.0,3
OL,Carter Winston,30,2018,91,67,76,92,71,91,3.5,1
OL,Xavier Walsh,31,2016,75,76,86,78,86,70,2.5,2
OL,Micah Finley,23,2024,80,78,75,72,88,79,2.6,1
OL,Hunter Walsh,29,2019,92,90,91,76,81,89,3.7,1
OL,Riley Prescott,24,2022,69,75,78,68,57,63,2.1,3
OL,Travis Thorne,33,2015,79,79,77,89,89,73,2.9,2
OL,Riley Parker,26,2022,85,83,77,85,77,74,3.3,4
OL,Victor Ellis,30,2018,70,71,78,73,78,74,2.2,4
OL,Carter Wright,23,2024,91,93,80,77,81,84,3.8,1
OL,Travis Parker,37,2011,81,68,89,88,73,89,3.1,1
OL,Evan Barrett,35,2013,67,61,65,82,85,80,1.7,4
K,Logan Yates,26,2021,70,66,67,75,71,61,2.0,2
QB,Sawyer Dawson,23,2023,77,85,91,72,78,72,2.2,3
QB,Julian Whitaker,30,2018,73,76,82,79,74,83,2.2,1
QB,Victor Mercer,21,2026,84,76,84,75,90,80,3.1,1
RB,Victor Sloan,25,2022,66,69,70,74,59,71,2.0,2
RB,Riley Hollis,30,2016,80,71,88,87,88,76,2.8,3
RB,Jace Barrett,29,2019,75,68,82,88,90,72,2.5,2
RB,Noah Caldwell,37,2010,79,91,84,79,89,77,2.5,2
RB,Bryce Wright,22,2025,77,69,65,63,78,73,2.4,4
WR,Zach Zeller,27,2021,79,52,81,72,80,72,2.8,2
WR,Jalen Langley,28,2020,69,79,60,69,71,70,1.9,3
WR,Micah Wilder,22,2025,77,75,77,71,86,83,2.5,2
WR,Xavier Foster,31,2016,68,80,84,85,66,70,1.7,1
WR,Finn Wells,33,2014,73,69,75,68,74,72,1.9,1
WR,Darius Madden,29,2019,61,72,73,61,60,60,1.6,4
WR,Damon Mercer,30,2017,87,72,74,87,72,73,3.5,2
WR,Bryce Parker,31,2016,85,92,71,86,87,76,3.1,3
WR,Julian Bishop,24,2023,68,80,71,68,59,60,1.8,1
END_PLAYERS
Chicago Bears, CHI
CB,Holden Brooks,26,2021,84,83,86,91,96,90,2.8,1
CB,Caleb West,30,2017,70,63,59,61,60,63,2.2,4
CB,Holden Norris,30,2016,74,90,92,86,86,81,2.4,1
CB,Grant Kendrick,31,2016,83,84,77,81,87,73,3.3,1
CB,Victor Winston,25,2023,88,92,82,81,73,78,3.2,4
CB,Sawyer Keller,32,2014,68,82,64,73,64,84,1.6,1
CB,Julian Foster,29,2018,89,73,84,89,83,83,3.4,4
S,Damon Sutton,25,2022,91,81,83,93,96,85,3.6,4
S,Xavier Carver,24,2022,77,83,74,68,71,68,2.3,2
S,Avery Langley,27,2019,80,73,82,90,83,75,2.8,3
S,Jalen Young,32,2015,73,68,70,91,71,78,2.2,4
S,Nolan Mercer,30,2016,63,58,58,71,73,77,1.5,2
S,Jared Dalton,38,2010,80,82,75,76,77,87,2.5,1
DL,Miles Wright,32,2014,88,89,82,82,95,92,3.3,3
DL,Damon Vaughn,22,2025,80,88,87,73,74,78,2.6,4
DL,Riley Winslow,22,2026,71,73,55,69,56,57,1.9,3
DL,Kai West,32,2016,78,75,90,88,79,86,2.9,2
DL,Blake Carver,24,2022,64,54,71,73,61,60,1.5,2
DL,Jordan Zeller,30,2017,64,76,56,75,74,69,1.8,2
DL,Julian Warren,29,2018,70,59,88,76,81,76,2.2,1
DL,Malcolm Tanner,23,2023,70,63,65,64,72,66,2.2,4
DL,Julian Yates,32,2015,78,72,77,75,86,82,2.4,1
DL,Landon Bradley,30,2018,59,70,67,66,72,58,1.3,2
LB,Parker Young,30,2016,91,73,88,82,90,88,3.4,2
LB,Drew Mercer,30,2017,76,75,62,77,73,80,2.6,1
LB,Nolan Griffin,22,2024,72,47,64,59,70,74,2.2,1
LB,Miles Tanner,30,2018,81,86,78,89,81,93,2.6,4
LB,Nate Parker,23,2024,81,71,94,90,88,75,2.7,1
LB,Tate Foster,37,2011,71,67,71,76,77,72,2.1,4
LB,Evan Whitaker,32,2016,77,53,60,74,77,60,2.7,1
OL,Rhett Keller,25,2023,92,79,93,89,84,83,4.0,4
OL,Preston West,32,2014,75,76,71,74,72,74,2.7,3
OL,Theo Townsend,22,2024,64,73,59,64,75,76,1.3,1
OL,Mason West,25,2022,67,79,64,70,77,67,1.7,3
OL,Quincy Wilder,33,2015,71,75,84,80,72,88,2.0,2
OL,Darius Foster,23,2023,70,80,71,82,84,70,2.0,3
OL,Grant Prescott,32,2014,78,94,93,75,82,95,2.5,3
OL,Landon Prescott,24,2022,76,70,72,87,71,74,2.5,3
OL,Victor Zeller,25,2023,78,69,86,76,78,88,2.7,2
OL,Landon Hayes,26,2021,64,79,76,69,80,67,1.7,3
OL,Miles Sloan,37,2010,68,63,65,65,78,65,1.7,2
OL,Gage Vaughn,33,2014,77,83,85,91,92,91,2.8,3
K,Marcus Thorne,33,2014,79,64,79,84,73,73,2.8,4
QB,Darius Marlow,32,2014,92,77,85,89,83,91,3.6,2
QB,Victor Kendrick,29,2019,64,64,60,57,76,77,1.6,2
QB,Keaton Carver,38,2010,71,83,84,75,70,87,2.4,1
RB,Isaiah Wells,32,2015,89,84,89,91,96,94,3.5,3
RB,Xavier Harlan,28,2020,70,58,73,84,83,80,2.0,2
RB,Damon Finley,27,2020,76,74,73,91,75,71,2.5,2
RB,Malcolm Dawson,33,2015,77,79,93,73,86,77,2.4,1
RB,Miles Young,36,2012,70,51,69,56,75,56,2.1,3
WR,Roman Vance,29,2017,93,81,86,82,84,95,4.0,1
WR,Cameron Winslow,24,2023,67,70,60,72,64,58,1.5,1
WR,Noah Wright,33,2015,77,62,70,80,85,73,2.9,3
WR,Parker Walker,23,2023,75,87,87,85,89,75,2.6,2
WR,Logan Finley,31,2017,75,68,76,68,77,89,2.7,2
WR,Avery Young,21,2025,85,66,89,77,80,76,3.4,4
WR,Kendall York,29,2018,80,91,89,90,74,92,2.8,4
WR,Bryce Sawyer,34,2014,73,57,68,61,63,63,2.1,3
WR,Shane Quinlan,21,2025,89,79,89,88,83,88,3.4,1
END_PLAYERS
Detroit Lions, DET
CB,Gavin Wright,25,2023,66,67,66,63,67,65,1.7,2
CB,Sawyer Townsend,24,2023,75,80,71,79,63,81,2.4,2
CB,Marcus Hollis,24,2022,81,81,75,72,68,68,3.0,1
CB,Wyatt York,29,2017,78,54,70,79,77,72,2.9,3
CB,Eli Quinlan,33,2015,78,72,82,59,67,65,2.5,4
CB,Travis Keller,33,2013,81,75,79,64,77,74,3.0,2
CB,Caleb Walker,32,2015,81,80,77,78,91,91,3.0,3
S,Keaton Winston,25,2022,73,80,68,75,75,71,2.1,3
S,Xavier Griffin,30,2018,83,78,80,87,67,86,3.3,1
S,Jalen Norris,24,2023,72,65,80,69,78,68,2.2,2
S,Julian Dawson,24,2023,76,60,77,62,65,83,2.2,4
S,Drew Finley,37,2010,82,63,62,84,72,64,2.7,2
S,Travis Bennett,38,2010,79,78,86,76,81,80,3.0,4
DL,Rhett Griffin,25,2023,80,77,62,71,74,82,3.1,2
DL,Preston Zeller,30,2016,74,76,82,84,84,87,2.6,2
DL,Owen Ellis,31,2015,83,70,93,83,92,79,3.0,1
DL,Wes Sinclair,27,2019,67,56,66,76,61,78,1.7,1
DL,Sawyer Sinclair,26,2021,80,85,75,80,96,80,2.6,3
DL,Riley Yates,27,2019,77,65,77,84,68,64,2.6,4
DL,Travis Zeller,24,2022,75,63,78,87,80,89,2.1,3
DL,Sam Hayes,33,2015,73,51,78,67,61,67,2.0,4
DL,Rhett Carver,38,2010,83,79,93,79,80,86,2.8,1
DL,Reed Sutton,29,2017,71,48,70,65,68,58,2.3,1
LB,Devin Townsend,33,2014,81,64,82,75,81,71,3.1,1
LB,Wes Hollis,29,2018,78,72,80,95,80,74,2.6,2
LB,Nate Finley,26,2022,65,67,72,59,65,57,1.9,3
LB,Owen Rourke,25,2021,79,76,83,76,78,81,2.4,1
LB,Evan Parker,24,2023,80,70,75,64,78,67,2.8,3
LB,Isaiah Dalton,29,2019,74,73,64,79,73,77,2.4,3
LB,Evan Mercer,32,2014,69,52,70,80,67,65,2.2,4
OL,Shane Vaughn,31,2015,68,60,64,54,54,70,1.8,1
OL,Travis Carver,23,2024,70,75,78,67,57,60,1.8,2
OL,Kai Nash,31,2015,80,86,85,74,84,80,3.0,1
OL,Sawyer Vaughn,29,2018,71,67,66,54,71,55,1.8,1
OL,Devin Bishop,22,2026,76,73,80,76,79,70,2.3,1
OL,Damon Langley,30,2018,76,58,64,78,64,68,2.3,3
OL,Darius Sutton,22,2024,73,63,80,76,84,88,2.5,2
OL,Marcus Rourke,28,2018,68,82,78,79,66,77,1.7,2
OL,Marcus Keller,22,2024,71,70,77,84,82,73,1.9,2
OL,Gavin Whitaker,30,2017,72,64,84,78,75,65,2.1,3
OL,Micah Barrett,35,2013,80,71,67,63,65,72,2.5,1
OL,Nate Keller,38,2010,72,64,66,64,74,71,2.5,1
K,Riley Underwood,24,2023,68,76,66,77,72,71,1.7,1
QB,Jordan Quinlan,30,2018,79,73,72,86,83,84,2.6,1
QB,Finn Baxter,34,2012,74,83,87,70,72,65,2.2,1
QB,Jared Caldwell,30,2016,76,79,72,76,83,84,2.6,1
RB,Landon Marlow,31,2016,73,74,83,66,66,73,2.6,2
RB,Roman Keller,33,2015,66,81,62,71,69,63,1.6,4
RB,Jalen Prescott,24,2023,76,83,75,85,68,82,2.8,4
RB,Devin Bennett,29,2017,80,80,68,84,84,83,3.1,4
RB,Nate Bishop,36,2012,75,59,76,73,87,72,2.7,1
WR,Trey Walker,32,2014,77,58,76,79,83,78,2.5,1
WR,Owen Hollis,27,2019,66,72,58,69,74,63,2.0,1
WR,Wes Marlow,26,2021,71,53,55,55,70,56,2.0,3
WR,Parker Ramsey,30,2017,70,69,65,67,71,71,2.3,3
WR,Jordan Langley,29,2019,86,71,82,87,75,72,3.1,1
WR,Jared Callahan,33,2014,76,74,77,81,76,94,2.2,3
WR,Marcus Bishop,24,2024,87,77,72,78,77,81,3.0,4
WR,Wyatt Dalton,21,2027,89,87,84,86,77,73,3.3,1
WR,Warren Langley,31,2015,81,82,77,63,82,81,2.8,4
END_PLAYERS
Green Bay Packers, GB
CB,Blake Walker,24,2024,68,64,78,74,78,83,2.0,1
CB,Malcolm Sawyer,25,2022,76,77,72,80,77,60,2.6,4
CB,Xavier Caldwell,31,2017,69,75,56,57,60,63,1.7,1
CB,Wyatt Keller,23,2025,79,76,81,86,66,78,2.5,1
CB,Warren Winslow,26,2021,81,74,83,78,93,75,3.0,2
CB,Damon Wells,37,2010,88,81,94,84,91,83,3.4,2
CB,Zane Kendrick,30,2018,84,68,75,79,84,74,2.9,1
S,Jace Langley,26,2020,80,67,74,63,80,76,2.5,3
S,Emmett Quinlan,28,2018,69,85,77,65,73,63,1.7,2
S,Keaton Wilder,25,2021,77,71,66,78,68,66,2.2,4
S,Tyler Baxter,23,2024,73,58,70,74,75,84,2.0,1
S,Bryce Shepherd,29,2019,91,94,78,87,76,84,3.3,3
S,Hunter Zeller,31,2017,81,76,74,70,77,80,2.7,3
DL,Julian Redding,28,2018,62,59,64,73,56,63,1.7,2
DL,Damon Underwood,26,2020,86,91,84,72,91,93,3.4,4
DL,Riley Baxter,24,2023,73,64,81,80,65,67,2.3,1
DL,Mason Dalton,26,2022,78,71,69,81,73,74,2.8,4
DL,Nico Tanner,30,2017,72,86,83,82,70,86,2.1,4
DL,Preston Vance,31,2017,86,83,89,77,82,85,3.1,2
DL,Zach Sinclair,24,2024,73,70,79,89,67,88,2.3,4
DL,Keaton Hayes,33,2014,71,76,78,76,73,61,2.4,4
DL,Julian Quinlan,33,2015,79,64,81,81,63,75,2.7,2
DL,Nolan Langley,22,2026,65,67,74,63,66,58,1.3,3
LB,Nate Monroe,24,2023,71,77,61,64,69,76,2.3,4
LB,Tyler Monroe,24,2024,84,68,83,88,85,80,3.4,3
LB,Zach West,22,2026,65,68,58,67,73,76,1.7,4
LB,Nate Vaughn,23,2023,82,67,93,87,82,76,3.2,4
LB,Bryce Tanner,27,2021,70,57,67,79,59,65,1.8,4
LB,Trey Shepherd,36,2010,78,72,86,89,80,71,2.8,3
LB,Finn Hendrix,30,2017,79,71,87,78,67,70,2.7,2
OL,Victor Dawson,30,2016,88,83,75,93,91,93,3.7,4
OL,Trey Wilder,24,2023,80,62,75,85,81,67,2.9,2
OL,Tyler Warren,31,2016,70,67,76,67,71,66,1.7,1
OL,Logan Abbott,24,2022,78,64,88,76,82,72,2.7,3
OL,Riley Bennett,30,2016,86,80,78,78,87,92,3.0,1
OL,Nolan Hendrix,30,2016,66,71,64,69,66,63,1.6,1
OL,Riley Zeller,27,2021,71,72,77,81,79,64,2.2,3
OL,Noah Nash,32,2015,79,83,72,79,85,74,2.6,2
OL,Kendall Quinlan,30,2017,78,82,71,71,69,76,2.6,2
OL,Riley Redding,23,2025,80,68,77,79,66,80,2.7,4
OL,Caleb Sterling,34,2014,74,53,75,58,68,59,2.5,1
OL,Micah Winslow,33,2014,86,77,71,76,82,77,3.4,1
K,Victor Ramsey,23,2023,88,85,77,80,73,79,3.5,2
QB,Cole Monroe,31,2015,63,53,60,67,63,77,1.4,3
QB,Darius Hollis,29,2017,58,66,55,56,75,70,1.2,4
QB,Miles Finley,31,2017,69,66,64,67,83,75,1.9,4
RB,Cole Walker,23,2025,72,58,59,57,72,78,2.5,1
RB,Hunter Bennett,27,2019,85,74,74,81,84,80,3.2,4
RB,Damon Sterling,24,2024,81,76,81,75,79,73,2.8,4
RB,Jordan Finley,29,2018,62,48,74,60,64,57,1.5,4
RB,Theo Dunlap,31,2015,86,82,79,82,71,73,3.3,2
WR,Marcus Walker,27,2020,68,49,62,62,58,59,1.9,1
WR,Logan Whitaker,22,2026,67,67,82,67,65,78,1.5,4
WR,Darius Bishop,26,2021,71,78,75,81,83,77,2.4,2
WR,Hunter Walker,23,2023,75,72,83,78,79,93,2.7,3
WR,Micah Parker,26,2020,69,66,61,59,71,61,2.3,2
WR,Evan Baxter,22,2026,78,74,75,67,84,79,2.3,2
WR,Jace Mercer,26,2021,72,53,63,65,68,74,2.0,3
WR,Bryce Vaughn,29,2019,77,90,79,83,70,76,2.8,2
WR,Drew Nash,29,2017,83,71,72,79,71,84,2.8,1
END_PLAYERS
Minnesota Vikings, MIN
CB,Jalen Harlan,28,2018,67,59,71,68,79,82,1.9,3
CB,Victor Keller,23,2025,71,67,79,84,66,72,1.8,1
CB,Malcolm Sloan,32,2014,80,80,72,79,78,74,2.4,1
CB,Victor Vaughn,29,2019,78,78,96,89,91,79,2.6,2
CB,Miles Keller,33,2014,88,86,75,71,70,77,3.3,4
CB,Nate Winston,34,2014,69,77,80,67,64,71,1.9,4
CB,Darius Harlan,31,2015,66,68,57,70,77,66,2.0,3
S,Victor Sawyer,30,2017,81,64,84,78,81,81,2.8,4
S,Mason Reeves,22,2026,91,81,77,88,76,88,3.4,3
S,Reed Griffin,25,2022,91,82,91,89,71,84,3.8,4
S,Xavier Townsend,22,2026,64,57,83,80,78,78,1.8,1
S,Gage Caldwell,24,2022,83,78,76,90,91,82,2.7,1
S,Jared Ellis,35,2012,76,66,79,65,66,79,2.5,2
DL,Bryce Winston,23,2025,61,55,55,55,62,75,1.0,2
DL,Zane Baxter,33,2013,83,80,79,86,83,73,2.7,2
DL,Devin Thorne,31,2017,87,89,83,80,74,73,3.6,4
DL,Hunter Sawyer,29,2017,75,61,65,77,71,72,2.2,2
DL,Xavier Sinclair,32,2016,85,93,92,88,77,79,3.2,4
DL,Jalen Warren,25,2022,63,55,55,67,69,59,1.2,4
DL,Emmett Nash,27,2021,70,62,65,79,64,86,2.1,2
DL,Xavier Whitaker,24,2024,66,81,61,75,69,69,1.8,4
DL,Micah Foster,33,2014,63,71,60,78,62,68,1.6,1
DL,Tyler Townsend,37,2010,69,64,57,67,59,65,2.1,3
LB,Sam Dunlap,26,2021,77,73,63,67,73,79,2.9,3
LB,Nate Winslow,23,2025,65,78,80,76,78,77,1.8,4
LB,Jordan Winslow,28,2018,66,71,68,82,83,72,1.9,2
LB,Finn Wright,32,2015,74,89,86,86,69,86,2.4,3
LB,Roman Sutton,24,2023,90,76,83,76,83,83,3.5,1
LB,Logan Barrett,38,2010,83,58,88,74,83,69,3.2,1
LB,Nate York,37,2011,71,83,76,81,68,81,2.2,3
OL,Zach Monroe,26,2022,69,63,69,63,77,59,2.2,3
OL,Cole Sawyer,23,2023,87,77,67,73,75,83,3.1,4
OL,Devin York,27,2020,72,71,58,60,65,75,2.4,4
OL,Jalen Hollis,33,2015,86,59,74,86,80,78,3.1,3
OL,Bryce Madden,28,2020,72,65,62,56,65,72,2.4,3
OL,Drew Walsh,26,2021,68,50,66,77,76,74,1.6,2
OL,Hunter Young,25,2022,89,85,72,85,78,76,3.6,4
OL,Jace Callahan,33,2013,83,82,71,86,68,72,2.7,3
OL,Warren Townsend,26,2021,91,73,74,86,74,73,3.8,4
OL,Xavier Prescott,24,2023,90,84,79,93,71,84,3.5,4
OL,Julian Caldwell,37,2011,69,59,65,60,65,72,2.2,3
OL,Eli Sloan,32,2015,84,87,87,86,80,78,3.4,3
K,Warren Carver,31,2016,67,76,79,65,68,71,1.8,2
QB,Gavin Monroe,22,2026,87,77,87,79,84,75,3.3,2
QB,Cole Dalton,32,2014,67,58,59,72,58,71,2.0,2
QB,Zane Yates,29,2017,71,66,73,72,66,76,1.9,4
RB,Hunter Keller,27,2020,77,56,65,66,73,59,2.8,4
RB,Noah Shepherd,29,2019,64,56,67,72,61,63,1.4,2
RB,Nico Dalton,33,2013,58,64,72,56,57,70,1.0,3
RB,Logan Tanner,37,2011,88,73,94,81,79,82,3.3,4
RB,Miles Abbott,21,2025,74,52,63,77,63,76,2.6,4
WR,Sam Warren,23,2025,64,53,76,64,64,68,1.9,1
WR,Nico Bradley,23,2023,82,75,94,81,72,87,2.9,3
WR,Theo Callahan,24,2024,66,53,61,68,73,61,1.4,1
WR,Cole Wright,22,2024,72,71,74,69,60,63,2.1,3
WR,Tyler Zeller,27,2021,68,60,81,84,82,77,1.5,2
WR,Avery Sterling,28,2019,69,76,83,82,72,81,1.7,4
WR,Owen Mercer,31,2016,72,72,58,67,55,66,2.5,1
WR,Isaiah Ellis,30,2017,62,64,64,68,66,68,1.3,2
WR,Wyatt Dunlap,31,2017,63,58,65,56,64,67,1.3,4
END_PLAYERS
Atlanta Falcons, ATL
CB,Riley Dawson,27,2019,88,63,70,78,71,75,3.1,4
CB,Nate Nash,28,2018,76,75,71,78,79,90,2.2,4
CB,Tate Dunlap,24,2022,85,66,89,69,75,75,3.2,4
CB,Tate Warren,22,2026,83,60,75,77,70,83,3.1,2
CB,Bryce Winslow,24,2024,82,89,72,87,75,88,2.6,1
CB,Parker Monroe,37,2011,81,74,79,89,70,80,3.1,1
CB,Logan Wilder,31,2016,68,63,64,66,65,77,1.7,1
S,Nate Walsh,23,2024,88,66,80,84,88,92,3.5,1
S,Darius Winslow,23,2024,76,67,77,83,81,85,2.8,2
S,Rhett Redding,29,2018,91,85,83,80,87,90,3.4,3
S,Malcolm Hollis,31,2016,78,73,72,81,74,74,2.7,2
S,Jace Vaughn,36,2011,85,77,81,83,77,77,3.0,4
S,Kai Wright,22,2024,76,69,80,92,74,75,2.2,1
DL,Travis Prescott,32,2014,62,57,62,77,74,77,1.1,4
DL,Warren Yates,22,2026,63,59,60,57,67,64,1.7,3
DL,Theo Norris,25,2022,74,71,66,83,72,63,2.1,3
DL,Darius Mercer,33,2013,90,91,89,93,85,84,3.3,2
DL,Evan Winslow,24,2023,68,66,58,73,67,68,2.0,2
DL,Caleb Shepherd,32,2014,80,77,79,83,73,84,3.0,2
DL,Sawyer Young,28,2019,86,73,71,90,76,86,3.2,2
DL,Reed Quinlan,24,2022,78,70,79,71,67,80,2.9,4
DL,Kai Townsend,37,2011,64,55,67,77,78,60,1.4,4
DL,Roman Bishop,21,2026,74,88,90,89,87,80,2.5,2
LB,Marcus Sterling,33,2014,67,60,79,80,71,76,1.8,1
LB,Jared Abbott,26,2022,68,65,63,82,74,71,2.2,1
LB,Holden Sterling,29,2019,84,88,94,77,80,73,2.8,2
LB,Sawyer Wilder,27,2020,83,83,71,76,68,67,2.7,3
LB,Owen Bennett,24,2023,72,68,89,78,80,84,2.3,4
LB,Bryce Callahan,34,2013,60,64,59,63,69,71,1.6,3
LB,Reed Kendrick,33,2015,66,81,81,67,80,76,1.6,1
OL,Gage Kendrick,29,2017,62,69,63,80,60,65,1.1,1
OL,Rhett Shepherd,26,2021,81,84,86,77,86,82,2.7,2
OL,Xavier Parker,22,2025,87,69,82,96,76,94,3.1,4
OL,Theo Langley,33,2013,83,87,72,80,67,72,3.2,2
OL,Eli Underwood,27,2020,70,71,64,70,79,77,2.0,2
OL,Jace Vance,23,2023,79,75,79,85,92,88,2.7,2
OL,Landon Foster,26,2021,76,69,59,78,74,58,2.7,4
OL,Mason Redding,29,2017,71,62,66,59,73,77,1.8,4
OL,Micah Yates,32,2015,75,69,76,75,71,78,2.2,2
OL,Roman Winslow,30,2017,71,55,70,57,58,78,2.3,2
OL,Devin Ramsey,22,2025,63,63,73,61,75,71,1.5,1
OL,Malcolm Monroe,37,2010,64,49,56,77,65,74,1.6,4
K,Tate Wilder,27,2019,69,66,72,73,71,72,2.1,2
QB,Reed Hendrix,33,2015,80,77,89,70,79,75,3.1,4
QB,Gavin Finley,38,2010,85,71,89,89,80,89,2.8,4
QB,Xavier Mercer,32,2015,72,70,74,79,79,79,2.3,3
RB,Warren Thorne,28,2020,86,68,87,69,81,72,3.5,3
RB,Emmett Zeller,24,2024,80,93,84,86,74,74,2.6,4
RB,Wes Hayes,22,2024,76,83,82,77,86,84,2.6,1
RB,Jared Wright,33,2014,69,63,57,63,62,76,1.8,4
RB,Evan Norris,32,2015,80,73,73,70,73,83,2.5,2
WR,Emmett Bishop,33,2015,74,55,71,55,73,62,2.3,3
WR,Jordan Reeves,25,2022,77,84,85,81,76,64,2.7,2
WR,Trey Harlan,29,2018,80,77,77,68,89,89,2.9,4
WR,Rhett Whitaker,31,2016,64,71,71,73,58,75,1.8,3
WR,Nico Walker,26,2020,63,76,75,60,76,79,1.6,3
WR,Riley Wilder,23,2023,70,69,69,71,79,78,1.9,2
WR,Jared Young,25,2022,78,62,70,81,81,72,2.6,3
WR,Logan West,32,2014,89,68,75,91,88,77,3.5,1
WR,Tyler Redding,38,2010,72,78,71,88,77,85,2.1,2
END_PLAYERS
Carolina Panthers, CAR
CB,Theo Foster,27,2021,94,75,84,91,91,84,3.9,2
CB,Wes Dawson,28,2019,72,68,74,83,78,83,2.1,2
CB,Cole Vance,23,2025,87,80,74,74,87,75,3.2,3
CB,Isaiah Harlan,25,2023,87,85,70,92,77,88,3.1,4
CB,Eli York,22,2025,64,73,67,63,66,71,1.8,3
CB,Logan Sawyer,32,2014,77,59,70,76,68,63,2.7,3
CB,Mason Walsh,33,2013,61,69,77,68,61,58,1.1,1
S,Theo Griffin,23,2024,88,72,95,93,82,94,3.7,3
S,Nolan Dunlap,22,2026,77,63,80,67,61,82,2.7,4
S,Wes Griffin,27,2021,68,59,70,75,77,73,2.0,4
S,Keaton Vance,33,2015,84,71,67,66,77,69,3.0,4
S,Tate Shepherd,36,2011,77,90,80,85,76,78,2.7,4
S,Tyler Sterling,31,2016,83,60,80,84,76,71,3.2,1
DL,Rhett Quinlan,27,2020,88,83,86,90,84,91,3.0,1
DL,Darius Callahan,25,2022,80,73,82,78,69,81,3.0,2
DL,Warren Walsh,32,2015,70,55,70,64,68,70,2.0,4
DL,Jalen Carver,22,2026,83,77,94,87,92,85,2.9,4
DL,Damon Carver,24,2024,71,72,70,81,62,72,1.9,2
DL,Nate Carver,26,2021,67,48,78,56,57,58,1.5,3
DL,Travis Ramsey,33,2014,80,69,79,89,79,80,2.4,1
DL,Blake Ellis,23,2023,90,71,84,92,82,88,3.2,3
DL,Nolan Sutton,22,2026,86,80,82,67,84,75,3.2,4
DL,Jace Young,31,2015,73,57,77,65,77,83,2.1,1
LB,Xavier York,22,2024,88,89,78,94,95,92,3.1,4
LB,Trey Sutton,33,2014,76,68,61,77,64,74,2.4,2
LB,Jared Warren,31,2015,77,64,88,93,89,77,2.9,4
LB,Evan Kendrick,33,2013,69,74,84,73,71,84,1.9,4
LB,Wes Barrett,28,2019,82,68,78,88,75,76,2.9,2
LB,Tyler Brooks,22,2025,73,79,84,84,65,84,2.3,3
LB,Jalen Bishop,35,2013,71,56,79,70,67,57,2.4,1
OL,Noah Griffin,27,2021,85,88,95,91,89,91,3.4,2
OL,Zach Reeves,24,2022,83,77,69,69,68,79,2.7,2
OL,Reed Sinclair,24,2024,82,71,85,85,93,80,2.8,2
OL,Nolan Carver,32,2015,81,72,81,89,85,85,3.1,3
OL,Carter Madden,25,2021,65,82,70,66,63,70,1.6,1
OL,Hunter Callahan,32,2016,79,84,89,69,82,85,2.7,3
OL,Bryce Griffin,21,2026,81,91,81,86,77,92,3.1,4
OL,Malcolm Norris,25,2021,77,65,78,79,81,84,2.6,4
OL,Jace Dalton,24,2023,74,54,67,68,69,67,2.2,4
OL,Shane Dawson,30,2018,78,79,75,68,84,67,2.6,4
OL,Micah Vaughn,35,2013,89,68,86,83,74,72,3.6,3
OL,Wes Baxter,23,2025,75,90,87,82,73,81,2.1,1
K,Travis Baxter,31,2015,79,62,81,73,79,69,3.0,4
QB,Mason Thorne,33,2013,89,85,90,92,85,84,3.5,4
QB,Warren Ellis,38,2010,82,67,70,81,91,84,3.1,2
QB,Rhett Sawyer,29,2017,80,72,79,66,71,82,2.9,3
RB,Quincy Warren,27,2020,88,73,95,83,86,94,3.7,4
RB,Reed Nash,31,2017,75,72,92,78,81,87,2.6,1
RB,Micah Bradley,29,2019,91,81,88,95,80,92,3.6,3
RB,Jordan Rourke,30,2016,82,72,86,83,70,76,2.8,4
RB,Nico Keller,36,2012,66,78,61,60,69,79,2.1,4
WR,Riley Caldwell,23,2024,87,88,95,91,93,88,3.1,1
WR,Preston Mercer,29,2018,63,57,63,63,57,56,1.6,1
WR,Marcus Dunlap,24,2022,86,78,84,94,93,79,3.4,4
WR,Micah Hendrix,21,2025,84,67,72,74,68,81,3.1,2
WR,Kendall Carver,21,2025,71,71,86,83,81,76,2.1,4
WR,Shane Walsh,23,2023,72,83,81,80,75,71,2.4,1
WR,Drew Bishop,33,2014,78,55,81,74,72,69,2.4,1
WR,Travis Underwood,31,2015,72,69,71,83,76,71,2.2,2
WR,Theo Caldwell,32,2015,62,77,67,74,67,65,1.6,2
END_PLAYERS
New Orleans Saints, NO
CB,Riley Ramsey,29,2017,63,68,67,74,69,65,1.5,2
CB,Bryce Bradley,30,2016,72,78,71,72,86,85,2.2,3
CB,Devin Rourke,29,2018,68,59,62,79,68,59,1.8,2
CB,Noah Winston,22,2024,87,67,77,77,91,84,3.4,4
CB,Micah Carver,33,2014,92,86,79,88,81,79,3.6,3
CB,Keaton Nash,32,2015,79,69,84,68,81,78,2.6,1
CB,Owen Thorne,35,2011,69,79,71,81,65,76,2.3,2
S,Shane Thorne,23,2024,70,68,83,69,71,75,2.1,3
S,Wes Thorne,29,2017,73,86,80,73,71,78,2.4,3
S,Bryce Dawson,30,2018,78,69,74,64,81,66,2.8,2
S,Roman Barrett,22,2024,71,66,63,72,64,65,1.9,1
S,Miles Brooks,36,2010,72,51,64,77,78,72,2.3,3
S,Grant Rourke,29,2018,73,81,75,77,85,70,2.1,4
DL,Kendall Townsend,23,2024,82,83,67,73,67,80,3.2,4
DL,Nolan Sinclair,23,2025,78,53,60,75,59,78,2.8,4
DL,Darius Carver,22,2024,80,94,74,86,88,83,2.6,1
DL,Sam Winslow,33,2014,70,80,84,77,78,71,1.9,2
DL,Jace Reeves,22,2025,82,90,76,78,86,73,3.2,3
DL,Kendall Marlow,28,2018,83,68,68,68,79,79,3.3,3
DL,Drew Sinclair,23,2025,67,60,66,80,73,66,1.7,4
DL,Sam Ramsey,33,2015,91,74,83,83,87,79,3.3,3
DL,Cameron Harlan,35,2011,87,94,79,81,74,84,3.6,1
DL,Micah Warren,37,2010,71,53,73,63,56,63,2.2,1
LB,Carter Bradley,31,2017,80,81,73,73,85,77,2.8,1
LB,Warren Baxter,27,2021,77,86,85,71,71,82,2.2,4
LB,Nico Yates,23,2023,85,87,74,75,88,95,3.3,4
LB,Logan Warren,22,2026,71,68,64,73,61,67,2.0,2
LB,Landon Walsh,32,2015,73,85,87,83,74,72,2.4,2
LB,Kai Rourke,30,2017,79,55,62,79,75,64,2.4,3
LB,Owen Brooks,30,2016,76,70,78,67,78,66,2.2,2
OL,Roman Tanner,33,2014,80,78,84,79,67,67,2.8,2
OL,Parker Vaughn,25,2022,77,58,72,78,65,80,2.8,3
OL,Blake Langley,22,2026,67,52,59,63,61,59,1.6,1
OL,Trey Quinlan,26,2020,74,74,72,77,77,81,2.3,4
OL,Xavier Zeller,25,2023,66,68,84,68,74,74,2.0,1
OL,Shane Wilder,27,2020,75,63,84,77,88,69,2.6,3
OL,Cole Redding,24,2024,76,77,75,58,61,66,2.2,2
OL,Jace Foster,33,2015,72,68,66,59,60,73,2.0,3
OL,Damon Dunlap,26,2021,76,92,74,81,73,85,2.1,4
OL,Theo Quinlan,33,2014,70,68,58,57,69,71,2.2,2
OL,Drew Quinlan,34,2014,74,74,80,74,60,73,2.0,1
OL,Preston Baxter,33,2014,66,59,69,67,75,71,2.0,2
K,Micah Wright,27,2021,71,63,90,72,76,86,2.4,3
QB,Emmett Bennett,31,2017,72,64,69,71,58,60,2.5,1
QB,Travis Norris,35,2012,83,63,71,81,76,81,2.8,4
QB,Eli Winslow,36,2011,86,61,90,84,80,75,3.3,1
RB,Victor Thorne,24,2024,84,83,71,78,81,79,2.8,1
RB,Cole Dawson,30,2016,63,71,62,60,79,81,1.8,2
RB,Cameron Young,29,2018,77,75,80,63,77,64,2.6,2
RB,Gage Zeller,35,2011,84,75,72,75,83,81,2.9,2
RB,Carter Walker,31,2015,84,82,77,75,74,84,2.9,2
WR,Keaton Sterling,23,2023,92,69,77,81,89,88,3.5,4
WR,Isaiah Redding,30,2017,73,47,69,65,56,61,2.4,1
WR,Gavin Nash,25,2022,82,94,75,77,87,85,2.9,2
WR,Reed Winston,31,2017,65,70,61,57,58,57,1.6,1
WR,Reed Sterling,30,2018,82,65,81,66,68,77,3.0,3
WR,Kendall Vance,32,2014,74,52,56,69,73,57,2.1,4
WR,Cole Hollis,23,2023,60,55,56,62,73,55,1.1,4
WR,Theo Kendrick,35,2013,77,80,79,69,73,82,2.5,3
WR,Sam Sutton,38,2010,81,83,81,75,84,83,2.9,3
END_PLAYERS
Tampa Bay Buccaneers, TB
CB,Malcolm Bradley,24,2022,63,76,60,76,64,69,1.3,1
CB,Jordan Bennett,22,2026,85,83,78,88,93,73,3.1,2
CB,Sawyer Hollis,24,2024,75,91,90,84,80,90,2.6,1
CB,Cole York,25,2023,74,88,79,84,76,83,2.4,1
CB,Evan Quinlan,26,2020,71,60,61,82,82,61,2.4,3
CB,Preston Dawson,37,2010,76,57,78,69,78,64,2.6,3
CB,Grant Nash,33,2013,84,72,82,74,85,85,3.4,4
S,Quincy Bennett,23,2023,75,64,67,73,81,64,2.4,1
S,Gage Foster,22,2025,84,70,72,87,82,86,2.9,1
S,Malcolm Quinlan,30,2018,68,54,59,73,65,63,2.1,3
S,Noah Winslow,27,2020,60,56,79,74,64,75,1.1,1
S,Nolan Prescott,31,2015,79,69,71,70,70,65,2.8,3
S,Nico Young,37,2011,73,65,69,72,65,79,2.2,3
DL,Zach Wright,32,2016,74,58,59,65,78,56,2.6,4
DL,Sawyer Wells,25,2022,75,55,79,67,79,70,2.1,3
DL,Travis Young,29,2019,76,88,76,80,67,87,2.5,3
DL,Nolan West,26,2021,77,88,90,75,87,90,2.6,3
DL,Damon Parker,27,2020,80,91,72,82,80,76,3.0,2
DL,Devin Finley,23,2023,64,76,83,80,66,77,1.7,2
DL,Emmett Langley,30,2017,76,82,70,69,63,62,2.5,2
DL,Cameron Bradley,30,2018,90,94,95,76,75,87,3.6,1
DL,Miles Bishop,30,2016,66,72,72,65,68,55,2.0,3
DL,Marcus Sutton,30,2017,75,60,64,75,57,78,2.2,4
LB,Nate Underwood,28,2019,80,72,77,66,80,80,2.8,1
LB,Eli Madden,29,2019,76,64,78,66,61,59,2.6,1
LB,Darius Vance,21,2027,71,66,67,74,65,76,1.9,3
LB,Darius Sterling,29,2018,69,59,65,68,76,77,1.9,2
LB,Gage Ellis,25,2021,73,63,87,71,77,81,2.1,3
LB,Noah Harlan,35,2013,76,73,71,89,86,76,2.2,1
LB,Owen Warren,35,2011,73,55,58,76,73,75,1.9,3
OL,Travis Sinclair,23,2024,61,68,57,57,61,58,1.2,3
OL,Finn Vaughn,23,2024,65,49,75,59,66,77,1.9,3
OL,Tate Underwood,27,2021,82,73,68,81,81,72,2.9,1
OL,Trey West,22,2024,89,72,80,74,82,71,3.4,2
OL,Sam Foster,22,2025,77,75,74,63,68,80,2.4,2
OL,Blake Foster,30,2017,79,65,68,79,69,66,2.6,1
OL,Sawyer Warren,25,2021,71,62,73,66,74,86,2.1,1
OL,Hunter Bradley,28,2019,70,74,67,68,78,70,2.0,2
OL,Landon Dawson,33,2014,79,71,80,83,69,83,2.4,2
OL,Parker Yates,23,2023,75,76,85,82,84,91,2.5,2
OL,Devin Vaughn,36,2011,67,69,77,81,65,79,2.0,2
OL,Cameron Sloan,30,2018,85,63,78,69,90,80,2.9,2
K,Reed Harlan,23,2024,85,82,79,80,71,84,2.9,2
QB,Kai Dunlap,22,2024,74,69,63,79,76,72,2.1,2
QB,Riley Sutton,29,2018,70,84,66,72,69,82,2.0,4
QB,Cole Quinlan,36,2012,70,51,59,69,60,56,2.0,2
RB,Travis Monroe,33,2013,84,77,78,84,79,90,2.8,4
RB,Holden Caldwell,32,2015,75,78,81,60,70,68,2.3,3
RB,Sawyer Reeves,29,2019,61,77,68,71,66,64,1.5,2
RB,Avery Foster,34,2014,85,93,81,80,87,79,2.8,2
RB,Jalen Caldwell,32,2016,77,90,89,88,74,77,2.6,2
WR,Jared Thorne,23,2025,65,56,63,64,73,76,1.7,3
WR,Holden Monroe,24,2023,62,48,55,76,59,60,1.2,4
WR,Nico Foster,22,2024,65,58,69,72,69,67,1.7,4
WR,Sawyer Prescott,23,2025,70,55,75,67,64,73,1.8,2
WR,Riley Sawyer,29,2019,81,82,66,74,86,70,3.1,2
WR,Quincy Reeves,24,2022,62,79,58,57,57,60,1.3,2
WR,Landon Caldwell,24,2024,79,55,72,67,66,70,2.4,2
WR,Tate Ellis,34,2013,72,54,70,63,66,64,1.9,2
WR,Jalen Zeller,24,2022,87,86,91,81,76,81,3.2,4
END_PLAYERS
Arizona Cardinals, ARI
CB,Darius Nash,31,2016,80,68,82,76,81,75,2.7,3
CB,Travis York,23,2025,85,64,79,90,90,83,3.3,1
CB,Jalen Finley,33,2013,70,78,73,78,77,60,1.8,2
CB,Malcolm Vance,21,2027,73,72,81,69,73,85,2.3,4
CB,Marcus Dalton,31,2015,71,64,72,82,76,67,2.4,3
CB,Mason York,34,2014,71,64,86,72,68,72,2.3,2
CB,Nico Sterling,34,2012,86,71,77,75,84,92,2.9,1
S,Travis Vaughn,31,2015,66,71,78,66,72,71,1.6,2
S,Xavier Marlow,27,2020,68,71,74,58,65,61,1.8,1
S,Wyatt Underwood,25,2022,82,60,88,67,88,78,2.9,4
S,Emmett Thorne,23,2024,71,56,65,61,74,60,1.9,2
S,Holden Bishop,37,2011,70,74,81,82,71,70,1.8,3
S,Nolan Harlan,22,2024,77,85,77,91,92,78,2.4,2
DL,Julian Norris,27,2020,92,90,74,84,89,83,3.7,1
DL,Landon Yates,22,2026,78,76,80,84,85,74,2.3,4
DL,Zach Dawson,27,2019,65,58,70,63,67,73,1.7,4
DL,Tyler Harlan,29,2019,74,51,68,74,61,65,2.6,2
DL,Nico Reeves,27,2020,79,79,61,81,68,69,3.0,3
DL,Damon Reeves,22,2025,80,78,72,71,85,75,2.9,2
DL,Jordan Barrett,23,2025,69,73,77,79,77,65,2.0,2
DL,Trey Finley,29,2018,76,56,79,77,67,61,2.3,2
DL,Roman Zeller,29,2019,66,78,78,74,68,63,1.5,4
DL,Devin Ellis,34,2014,70,55,59,57,74,68,1.8,4
LB,Preston Vaughn,33,2015,78,82,69,71,76,62,2.5,4
LB,Nolan Redding,24,2024,77,80,69,80,67,69,2.3,3
LB,Roman Bennett,33,2013,92,72,90,79,83,95,3.8,1
LB,Marcus Carver,31,2015,84,83,84,94,94,74,2.9,4
LB,Emmett Wright,22,2024,71,66,61,74,64,67,2.3,1
LB,Avery Dunlap,35,2013,77,89,86,73,81,75,2.2,4
LB,Wes Vaughn,21,2026,90,77,74,73,85,82,3.5,1
OL,Jared Baxter,22,2026,86,66,95,82,93,94,3.1,4
OL,Carter Caldwell,33,2014,76,66,57,64,61,63,2.8,4
OL,Zane Sawyer,22,2025,84,86,77,82,81,84,2.8,2
OL,Holden Vance,22,2026,67,67,76,80,81,75,2.0,1
OL,Carter Thorne,22,2024,82,80,91,75,80,83,3.0,3
OL,Wyatt Bradley,24,2023,72,79,81,76,59,77,2.5,1
OL,Nico Ellis,23,2025,66,65,61,66,76,57,1.8,4
OL,Shane Reeves,23,2023,70,66,71,83,71,72,1.9,2
OL,Isaiah Brooks,22,2025,69,81,64,76,83,68,1.9,4
OL,Cameron Wells,25,2023,77,82,63,76,66,74,2.2,2
OL,Preston Harlan,29,2017,81,63,77,76,81,81,2.8,2
OL,Jared Sloan,36,2012,80,79,68,74,68,72,2.6,3
K,Parker Walsh,30,2018,65,51,75,66,72,69,1.9,3
QB,Caleb Dalton,25,2022,71,52,74,62,68,71,2.0,3
QB,Sawyer Wright,33,2013,74,72,62,64,68,75,2.3,4
QB,Zach Hendrix,32,2015,82,86,82,83,73,80,2.7,3
RB,Cameron Prescott,27,2019,78,67,74,75,70,77,3.0,3
RB,Theo Marlow,27,2020,88,81,72,91,89,80,3.3,2
RB,Xavier Warren,32,2016,83,79,85,83,79,81,3.0,1
RB,Wes Sterling,34,2012,91,91,88,79,75,72,3.8,1
RB,Quincy Shepherd,34,2013,69,80,87,64,76,68,1.6,1
WR,Travis Barrett,23,2023,74,78,71,85,83,86,2.2,3
WR,Nolan Dawson,23,2025,92,89,80,85,93,73,3.5,1
WR,Jared Sutton,23,2023,88,82,79,76,85,74,3.3,1
WR,Landon West,21,2027,78,93,89,91,75,77,2.9,2
WR,Carter Hollis,27,2019,77,52,79,78,77,62,2.5,1
WR,Blake Sawyer,21,2027,64,66,66,75,77,60,1.3,4
WR,Zach Finley,22,2025,77,70,90,89,92,94,2.7,1
WR,Logan Bradley,37,2010,73,58,78,80,68,70,2.5,2
WR,Mason Langley,32,2014,74,68,63,64,81,66,2.5,3
END_PLAYERS
Los Angeles Rams, LAR
CB,Caleb Vance,30,2018,75,72,62,69,63,61,2.6,2
CB,Landon Keller,24,2024,91,93,86,82,84,90,3.6,4
CB,Eli Dunlap,25,2021,66,73,79,77,81,83,2.0,3
CB,Carter Wilder,22,2024,63,47,68,65,54,62,1.7,3
CB,Reed Barrett,33,2014,70,81,87,72,78,83,2.0,3
CB,Sam Yates,23,2025,87,71,90,77,74,86,3.4,4
CB,Nico Hayes,35,2012,72,75,77,89,83,88,2.3,2
S,Gavin Callahan,24,2024,83,76,66,84,75,83,3.3,3
S,Shane Tanner,27,2020,80,71,66,71,74,81,2.6,3
S,Hunter Tanner,33,2015,66,73,71,79,75,81,1.8,3
S,Wyatt Quinlan,30,2018,90,71,86,75,87,92,3.6,4
S,Keaton Walsh,35,2011,75,60,65,77,78,81,2.7,4
S,Wyatt Dawson,33,2013,83,83,78,88,82,77,3.0,4
DL,Kendall Keller,24,2024,83,68,86,74,82,91,3.0,4
DL,Nico Dawson,31,2017,69,76,68,58,76,62,2.0,4
DL,Travis Redding,21,2026,66,51,66,70,60,70,1.6,2
DL,Finn Bradley,26,2022,66,48,58,66,70,56,1.9,2
DL,Hunter Dunlap,31,2017,64,72,69,67,58,75,1.8,4
DL,Nate Marlow,25,2021,78,80,82,66,65,80,2.5,1
DL,Zane Bishop,30,2017,91,84,77,94,83,93,3.6,1
DL,Trey Yates,24,2022,69,70,73,84,76,64,2.0,3
DL,Grant Parker,31,2016,69,77,85,82,64,72,1.8,3
DL,Riley Keller,37,2011,68,67,73,81,63,62,1.6,3
LB,Roman Abbott,31,2016,91,67,85,89,76,88,3.9,2
LB,Sawyer Finley,21,2025,65,53,68,67,72,71,1.5,1
LB,Wyatt Sinclair,25,2022,71,71,73,80,65,67,1.9,1
LB,Micah Redding,30,2017,62,76,67,65,57,74,1.5,4
LB,Carter York,31,2016,78,63,77,85,81,73,2.3,2
LB,Zane Walsh,29,2019,62,58,68,78,63,69,1.5,2
LB,Shane Dunlap,31,2015,90,91,91,88,70,90,3.8,4
OL,Landon Redding,31,2017,61,54,63,70,59,60,1.6,1
OL,Julian Walsh,29,2018,85,82,86,69,69,70,3.3,2
OL,Theo Sawyer,22,2024,81,66,80,92,76,71,2.6,3
OL,Damon Prescott,24,2022,88,88,89,88,70,88,3.0,2
OL,Keaton Yates,28,2020,87,85,88,88,91,93,3.5,3
OL,Grant Caldwell,23,2024,76,67,73,88,79,83,2.4,4
OL,Gavin Townsend,22,2025,79,65,73,79,61,69,2.9,1
OL,Holden Ramsey,32,2014,68,71,70,76,85,65,2.2,1
OL,Bryce Ramsey,29,2018,87,81,85,92,78,92,3.5,4
OL,Micah Sterling,27,2019,87,88,95,83,85,83,3.4,4
OL,Jared Wilder,34,2012,78,72,66,67,64,77,2.9,1
OL,Julian Thorne,31,2016,88,89,81,81,81,93,3.5,2
K,Cameron Sutton,27,2019,68,66,72,60,64,73,1.6,2
QB,Mason Wells,27,2019,79,64,73,73,85,87,2.9,3
QB,Preston Walker,31,2015,68,76,79,72,65,75,2.1,1
QB,Caleb Griffin,23,2024,75,61,69,68,73,83,2.6,3
RB,Roman Dawson,27,2020,78,79,92,88,93,76,2.6,4
RB,Avery Nash,26,2022,68,51,74,59,60,71,1.9,4
RB,Jordan Bishop,25,2022,85,74,81,67,83,86,3.5,2
RB,Gage Wells,24,2022,68,73,70,73,73,82,1.7,2
RB,Tate Bennett,33,2015,86,71,73,83,86,79,3.1,4
WR,Sawyer Sloan,31,2016,84,93,84,76,91,88,3.1,3
WR,Micah Madden,23,2025,81,61,69,78,83,83,2.6,3
WR,Gavin Sutton,23,2023,83,88,78,93,88,78,3.0,4
WR,Kendall Foster,28,2020,81,82,96,77,74,79,3.1,3
WR,Hunter Caldwell,23,2024,79,77,89,77,83,81,2.7,2
WR,Xavier Bennett,30,2018,71,75,61,64,68,76,2.2,1
WR,Reed Ellis,25,2022,75,53,59,77,76,58,2.3,4
WR,Kendall Yates,37,2011,79,88,75,87,83,87,2.5,1
WR,Evan Young,36,2010,68,71,61,71,68,72,2.2,1
END_PLAYERS
San Francisco 49ers, SF
CB,Miles West,26,2020,89,76,95,83,91,82,3.2,3
CB,Julian Ellis,21,2025,64,70,56,76,65,68,1.9,1
CB,Kendall Langley,24,2024,73,57,76,83,82,67,2.6,2
CB,Carter Dunlap,22,2026,76,52,74,80,79,64,2.2,3
CB,Damon Wilder,32,2015,77,63,80,65,66,67,2.2,2
CB,Jalen Wright,30,2016,77,88,77,82,93,73,2.7,4
CB,Evan Dawson,33,2015,83,83,74,65,73,81,2.8,3
S,Victor Barrett,21,2026,89,73,92,84,95,96,3.3,4
S,Drew Winslow,21,2027,78,68,64,76,86,71,2.9,4
S,Shane Whitaker,30,2018,82,67,90,93,90,81,3.2,3
S,Grant Hendrix,31,2015,83,67,75,80,68,77,2.9,1
S,Evan Zeller,34,2014,80,59,83,78,65,66,2.6,4
S,Zane Monroe,35,2012,76,62,59,57,68,76,2.3,1
DL,Kai Finley,26,2020,88,87,78,91,93,85,3.1,4
DL,Nico Langley,29,2018,92,92,84,80,92,86,3.9,4
DL,Malcolm West,22,2025,75,75,68,70,73,64,2.3,2
DL,Gavin Tanner,30,2018,86,90,78,77,71,76,2.9,1
DL,Kendall Parker,32,2015,67,72,71,77,78,79,1.8,2
DL,Nico Underwood,28,2019,81,78,78,87,67,80,2.5,3
DL,Malcolm Rourke,31,2016,72,70,82,80,80,76,1.9,2
DL,Quincy Carver,31,2016,89,65,85,91,94,82,3.6,3
DL,Marcus Monroe,24,2023,76,60,59,76,65,58,2.2,4
DL,Blake Sloan,36,2010,82,79,77,74,79,82,3.0,4
LB,Tate Tanner,26,2021,88,87,82,95,88,82,3.7,1
LB,Warren Sinclair,23,2025,88,91,92,92,81,71,3.6,1
LB,Caleb Sinclair,22,2025,59,67,61,59,62,59,1.0,1
LB,Holden Whitaker,32,2016,58,61,71,72,64,67,1.0,2
LB,Logan Mercer,23,2024,79,77,87,85,94,79,3.0,2
LB,Landon Bishop,37,2010,61,67,67,57,78,59,1.2,1
LB,Landon Wells,33,2014,80,83,95,84,91,82,3.1,3
OL,Gavin Underwood,29,2019,91,87,86,87,83,91,3.7,1
OL,Sam Redding,33,2015,86,91,77,71,79,76,3.3,4
OL,Gage Langley,23,2025,74,85,79,84,72,87,2.6,2
OL,Micah Thorne,31,2017,92,86,94,96,88,96,3.7,3
OL,Blake Hayes,30,2016,89,80,76,86,95,77,3.1,4
OL,Jared Tanner,30,2017,71,77,80,70,62,67,2.1,2
OL,Miles Townsend,26,2021,83,74,78,82,73,92,2.7,4
OL,Victor Wright,30,2017,77,89,78,82,94,87,2.2,1
OL,Avery Warren,27,2021,67,64,69,61,76,74,2.1,2
OL,Logan Griffin,22,2024,79,73,74,81,74,75,2.7,4
OL,Parker Whitaker,33,2014,72,80,73,72,66,76,2.0,1
OL,Zach Walker,34,2013,71,68,62,69,79,67,2.0,1
K,Isaiah Carver,27,2021,74,79,69,69,63,70,2.4,4
QB,Emmett Shepherd,33,2015,91,88,85,82,92,85,3.8,4
QB,Logan Monroe,22,2024,76,77,75,71,71,58,2.4,1
QB,Eli Shepherd,24,2024,80,85,66,83,86,66,2.8,1
RB,Carter Foster,31,2015,87,73,78,94,85,88,3.2,3
RB,Sam Mercer,29,2019,81,70,64,68,75,80,2.7,1
RB,Hunter Townsend,29,2018,83,72,81,89,71,84,2.7,4
RB,Theo Vance,23,2025,81,93,90,90,77,71,2.7,4
RB,Evan Bennett,38,2010,73,57,70,79,75,68,2.6,2
WR,Reed Whitaker,23,2025,90,82,80,95,92,84,3.2,4
WR,Kai Warren,25,2022,86,84,91,84,88,75,3.4,3
WR,Miles Mercer,21,2025,75,82,70,75,68,61,2.5,2
WR,Cole Norris,28,2020,75,73,81,79,74,68,2.1,2
WR,Eli Hollis,31,2015,72,56,71,71,74,63,2.3,2
WR,Riley Walsh,27,2020,77,88,73,88,82,88,2.3,1
WR,Grant Foster,25,2021,79,63,68,74,87,84,2.6,3
WR,Warren Young,29,2018,88,93,88,88,91,80,3.6,4
WR,Avery Dawson,38,2010,88,77,96,83,80,86,3.4,3
END_PLAYERS
Seattle Seahawks, SEA
CB,Avery Sloan,22,2025,66,77,80,77,77,63,2.0,1
CB,Carter Walsh,22,2026,67,62,74,65,80,75,1.9,2
CB,Shane Callahan,26,2021,65,58,61,64,69,70,1.3,3
CB,Owen West,32,2014,70,60,80,69,66,68,1.8,1
CB,Avery Ramsey,31,2015,84,79,72,86,67,81,3.3,3
CB,Damon Sinclair,35,2013,70,54,74,63,72,63,2.2,1
CB,Victor Young,32,2014,87,89,87,73,69,71,3.3,3
S,Wyatt Shepherd,23,2025,83,72,72,74,87,78,3.2,3
S,Mason Tanner,23,2023,89,80,81,80,90,72,3.7,2
S,Drew Griffin,21,2026,75,81,77,74,86,83,2.2,2
S,Grant Barrett,31,2016,71,76,71,83,70,69,2.4,1
S,Zach Winston,33,2015,72,77,61,68,72,74,1.9,4
S,Avery Mercer,29,2018,76,63,67,72,81,81,2.5,2
DL,Cole Townsend,32,2015,79,81,79,73,70,74,3.0,4
DL,Caleb Foster,22,2026,71,70,67,58,66,72,2.4,3
DL,Caleb Nash,28,2020,63,59,63,67,64,60,1.6,3
DL,Parker Wells,21,2025,65,74,77,75,65,80,1.4,3
DL,Holden Rourke,27,2021,79,76,70,72,80,87,2.5,4
DL,Miles Kendrick,28,2019,63,59,61,77,69,76,1.2,2
DL,Evan Shepherd,28,2018,75,55,75,71,60,73,2.4,3
DL,Zane Quinlan,23,2023,70,78,82,74,69,72,2.0,2
DL,Tate Carver,36,2010,81,81,88,90,95,84,2.5,4
DL,Landon Warren,35,2012,71,83,75,65,70,70,2.0,3
LB,Drew Kendrick,26,2022,81,79,78,67,87,71,2.8,2
LB,Sawyer Abbott,24,2023,82,64,71,67,72,84,3.1,1
LB,Wes Tanner,23,2025,63,61,61,59,59,61,1.6,4
LB,Jared Brooks,33,2013,72,77,86,87,69,85,2.5,1
LB,Riley Quinlan,29,2019,59,74,56,65,72,62,1.5,3
LB,Parker Shepherd,29,2019,76,55,66,67,59,62,2.5,4
LB,Julian Vance,32,2016,70,68,76,62,78,58,2.3,1
OL,Jared Sawyer,32,2015,63,50,64,71,69,62,1.2,4
OL,Cameron Caldwell,27,2020,86,81,73,70,78,86,3.3,4
OL,Emmett Brooks,22,2026,91,92,84,74,82,83,3.5,3
OL,Noah Sutton,31,2015,86,83,88,71,73,74,3.2,4
OL,Evan Bishop,27,2021,85,90,78,71,89,91,2.9,1
OL,Tate York,22,2025,85,89,90,82,78,73,2.8,2
OL,Nate Harlan,27,2020,76,80,71,79,64,66,2.7,2
OL,Carter Underwood,22,2025,82,91,76,74,92,70,3.2,1
OL,Carter Redding,29,2019,68,78,63,66,81,72,2.1,3
OL,Blake Marlow,21,2027,80,70,82,81,81,69,2.8,4
OL,Nico Prescott,35,2013,80,67,69,89,69,83,3.0,3
OL,Marcus Bradley,33,2015,76,67,72,80,78,77,2.3,4
K,Xavier Rourke,33,2013,92,84,94,93,90,95,3.5,4
QB,Logan York,23,2023,63,73,74,81,65,75,1.8,4
QB,Nate Tanner,34,2012,65,80,71,65,69,81,1.9,3
QB,Jared Harlan,23,2025,80,69,89,78,78,79,3.1,2
RB,Tate Parker,27,2020,72,65,72,72,62,55,2.5,1
RB,Avery Whitaker,27,2020,84,83,85,87,81,78,3.0,1
RB,Keaton Bradley,23,2023,73,56,70,58,66,56,2.0,1
RB,Blake Kendrick,35,2013,74,63,72,82,83,82,2.2,2
RB,Hunter Ellis,24,2022,89,79,88,89,88,76,3.2,3
WR,Roman Whitaker,24,2022,72,71,65,80,73,64,2.3,2
WR,Malcolm Mercer,26,2020,82,87,81,88,75,79,2.9,1
WR,Caleb Dawson,29,2017,78,72,67,65,65,82,2.7,2
WR,Zane Hendrix,31,2015,71,87,66,66,67,70,2.0,3
WR,Tate Norris,23,2024,91,73,95,84,85,88,3.3,2
WR,Trey Thorne,29,2017,72,72,83,66,63,63,1.9,1
WR,Bryce Bishop,32,2015,78,64,76,65,70,75,2.8,3
WR,Carter Brooks,30,2017,83,87,82,92,92,82,2.8,3
WR,Riley Winston,37,2010,66,61,73,64,75,74,1.5,4
END_PLAYERS
